"","time","replication","start","end","stops_cumu","starts_cumu","waitlist"
"1",1,1,67,5,5,67,NA
"2",2,1,50,8,13,117,112
"3",3,1,49,10,23,166,153
"4",4,1,63,26,49,229,206
"5",5,1,73,20,69,302,253
"6",6,1,71,26,95,373,304
"7",7,1,61,22,117,434,339
"8",8,1,55,23,140,489,372
"9",9,1,46,35,175,535,395
"10",10,1,65,27,202,600,425
"11",11,1,65,28,230,665,463
"12",12,1,61,27,257,726,496
"13",13,1,65,25,282,791,534
"14",14,1,52,27,309,843,561
"15",15,1,67,38,347,910,601
"16",16,1,57,29,376,967,620
"17",17,1,49,26,402,1016,640
"18",18,1,70,36,438,1086,684
"19",19,1,72,33,471,1158,720
"20",20,1,54,25,496,1212,741
"21",21,1,57,30,526,1269,773
"22",22,1,66,32,558,1335,809
"23",23,1,64,34,592,1399,841
"24",24,1,52,32,624,1451,859
"25",25,1,77,39,663,1528,904
"26",26,1,69,24,687,1597,934
"27",27,1,66,24,711,1663,976
"28",28,1,72,32,743,1735,1024
"29",29,1,56,30,773,1791,1048
"30",30,1,53,43,816,1844,1071
"31",31,1,62,28,844,1906,1090
"32",32,1,74,45,889,1980,1136
"33",33,1,53,25,914,2033,1144
"34",34,1,53,39,953,2086,1172
"35",35,1,57,30,983,2143,1190
"36",36,1,58,38,1021,2201,1218
"37",37,1,60,53,1074,2261,1240
"38",38,1,54,45,1119,2315,1241
"39",39,1,62,54,1173,2377,1258
"40",40,1,61,42,1215,2438,1265
"41",41,1,59,38,1253,2497,1282
"42",42,1,55,39,1292,2552,1299
"43",43,1,68,43,1335,2620,1328
"44",44,1,57,45,1380,2677,1342
"45",45,1,49,38,1418,2726,1346
"46",46,1,75,37,1455,2801,1383
"47",47,1,75,49,1504,2876,1421
"48",48,1,67,44,1548,2943,1439
"49",49,1,56,35,1583,2999,1451
"50",50,1,65,53,1636,3064,1481
"51",51,1,69,31,1667,3133,1497
"52",52,1,56,49,1716,3189,1522
"53",53,1,58,43,1759,3247,1531
"54",54,1,57,58,1817,3304,1545
"55",55,1,68,44,1861,3372,1555
"56",56,1,56,44,1905,3428,1567
"57",57,1,60,55,1960,3488,1583
"58",58,1,51,42,2002,3539,1579
"59",59,1,60,52,2054,3599,1597
"60",60,1,64,65,2119,3663,1609
"61",61,1,48,53,2172,3711,1592
"62",62,1,64,58,2230,3775,1603
"63",63,1,56,52,2282,3831,1601
"64",64,1,64,40,2322,3895,1613
"65",65,1,65,63,2385,3960,1638
"66",66,1,79,45,2430,4039,1654
"67",67,1,48,55,2485,4087,1657
"68",68,1,58,45,2530,4145,1660
"69",69,1,65,53,2583,4210,1680
"70",70,1,46,46,2629,4256,1673
"71",71,1,63,55,2684,4319,1690
"72",72,1,49,43,2727,4368,1684
"73",73,1,59,47,2774,4427,1700
"74",74,1,57,42,2816,4484,1710
"75",75,1,70,51,2867,4554,1738
"76",76,1,52,55,2922,4606,1739
"77",77,1,61,59,2981,4667,1745
"78",78,1,52,43,3024,4719,1738
"79",79,1,72,44,3068,4791,1767
"80",80,1,63,50,3118,4854,1786
"81",81,1,53,44,3162,4907,1789
"82",82,1,60,59,3221,4967,1805
"83",83,1,50,66,3287,5017,1796
"84",84,1,51,49,3336,5068,1781
"85",85,1,63,64,3400,5131,1795
"86",86,1,63,51,3451,5194,1794
"87",87,1,55,59,3510,5249,1798
"88",88,1,75,43,3553,5324,1814
"89",89,1,52,64,3617,5376,1823
"90",90,1,60,52,3669,5436,1819
"91",91,1,76,58,3727,5512,1843
"92",92,1,56,42,3769,5568,1841
"93",93,1,56,46,3815,5624,1855
"94",94,1,58,46,3861,5682,1867
"95",95,1,62,59,3920,5744,1883
"96",96,1,59,59,3979,5803,1883
"97",97,1,57,50,4029,5860,1881
"98",98,1,60,53,4082,5920,1891
"99",99,1,56,57,4139,5976,1894
"100",100,1,58,63,4202,6034,1895
"101",101,1,64,46,4248,6098,1896
"102",102,1,65,48,4296,6163,1915
"103",103,1,60,61,4357,6223,1927
"104",104,1,30,37,4394,6253,1896
"105",1,2,60,2,2,60,NA
"106",2,2,67,8,10,127,125
"107",3,2,63,14,24,190,180
"108",4,2,52,29,53,242,218
"109",5,2,51,17,70,293,240
"110",6,2,48,22,92,341,271
"111",7,2,72,16,108,413,321
"112",8,2,54,19,127,467,359
"113",9,2,71,24,151,538,411
"114",10,2,55,22,173,593,442
"115",11,2,55,30,203,648,475
"116",12,2,71,31,234,719,516
"117",13,2,50,33,267,769,535
"118",14,2,67,25,292,836,569
"119",15,2,60,18,310,896,604
"120",16,2,65,32,342,961,651
"121",17,2,59,35,377,1020,678
"122",18,2,82,32,409,1102,725
"123",19,2,50,29,438,1152,743
"124",20,2,60,27,465,1212,774
"125",21,2,71,33,498,1283,818
"126",22,2,62,34,532,1345,847
"127",23,2,49,33,565,1394,862
"128",24,2,54,26,591,1448,883
"129",25,2,65,33,624,1513,922
"130",26,2,55,25,649,1568,944
"131",27,2,60,38,687,1628,979
"132",28,2,57,36,723,1685,998
"133",29,2,71,43,766,1756,1033
"134",30,2,46,30,796,1802,1036
"135",31,2,64,34,830,1866,1070
"136",32,2,67,48,878,1933,1103
"137",33,2,64,31,909,1997,1119
"138",34,2,51,34,943,2048,1139
"139",35,2,68,36,979,2116,1173
"140",36,2,63,32,1011,2179,1200
"141",37,2,74,44,1055,2253,1242
"142",38,2,55,43,1098,2308,1253
"143",39,2,66,41,1139,2374,1276
"144",40,2,54,40,1179,2428,1289
"145",41,2,56,53,1232,2484,1305
"146",42,2,67,45,1277,2551,1319
"147",43,2,67,33,1310,2618,1341
"148",44,2,60,48,1358,2678,1368
"149",45,2,59,54,1412,2737,1379
"150",46,2,68,44,1456,2805,1393
"151",47,2,64,50,1506,2869,1413
"152",48,2,55,52,1558,2924,1418
"153",49,2,58,40,1598,2982,1424
"154",50,2,43,42,1640,3025,1427
"155",51,2,58,47,1687,3083,1443
"156",52,2,63,42,1729,3146,1459
"157",53,2,59,48,1777,3205,1476
"158",54,2,64,47,1824,3269,1492
"159",55,2,49,55,1879,3318,1494
"160",56,2,59,59,1938,3377,1498
"161",57,2,67,43,1981,3444,1506
"162",58,2,61,50,2031,3505,1524
"163",59,2,52,48,2079,3557,1526
"164",60,2,57,40,2119,3614,1535
"165",61,2,52,51,2170,3666,1547
"166",62,2,59,40,2210,3725,1555
"167",63,2,62,56,2266,3787,1577
"168",64,2,59,51,2317,3846,1580
"169",65,2,58,55,2372,3904,1587
"170",66,2,69,36,2408,3973,1601
"171",67,2,68,61,2469,4041,1633
"172",68,2,57,37,2506,4098,1629
"173",69,2,75,58,2564,4173,1667
"174",70,2,58,49,2613,4231,1667
"175",71,2,42,46,2659,4273,1660
"176",72,2,44,42,2701,4317,1658
"177",73,2,46,45,2746,4363,1662
"178",74,2,46,61,2807,4409,1663
"179",75,2,58,51,2858,4467,1660
"180",76,2,64,54,2912,4531,1673
"181",77,2,51,54,2966,4582,1670
"182",78,2,63,59,3025,4645,1679
"183",79,2,60,58,3083,4705,1680
"184",80,2,62,51,3134,4767,1684
"185",81,2,67,53,3187,4834,1700
"186",82,2,68,67,3254,4902,1715
"187",83,2,68,54,3308,4970,1716
"188",84,2,56,50,3358,5026,1718
"189",85,2,55,49,3407,5081,1723
"190",86,2,63,53,3460,5144,1737
"191",87,2,62,49,3509,5206,1746
"192",88,2,48,65,3574,5254,1745
"193",89,2,53,49,3623,5307,1733
"194",90,2,66,64,3687,5373,1750
"195",91,2,65,51,3738,5438,1751
"196",92,2,58,57,3795,5496,1758
"197",93,2,68,55,3850,5564,1769
"198",94,2,65,57,3907,5629,1779
"199",95,2,69,60,3967,5698,1791
"200",96,2,61,54,4021,5759,1792
"201",97,2,67,63,4084,5826,1805
"202",98,2,56,57,4141,5882,1798
"203",99,2,56,54,4195,5938,1797
"204",100,2,54,64,4259,5992,1797
"205",101,2,56,55,4314,6048,1789
"206",102,2,58,52,4366,6106,1792
"207",103,2,52,45,4411,6158,1792
"208",104,2,33,28,4439,6191,1780
"209",1,3,58,3,3,58,NA
"210",2,3,53,6,9,111,108
"211",3,3,60,15,24,171,162
"212",4,3,59,18,42,230,206
"213",5,3,55,30,72,285,243
"214",6,3,71,26,98,356,284
"215",7,3,46,27,125,402,304
"216",8,3,57,23,148,459,334
"217",9,3,66,30,178,525,377
"218",10,3,71,32,210,596,418
"219",11,3,56,28,238,652,442
"220",12,3,63,40,278,715,477
"221",13,3,52,28,306,767,489
"222",14,3,66,33,339,833,527
"223",15,3,48,32,371,881,542
"224",16,3,65,24,395,946,575
"225",17,3,62,24,419,1008,613
"226",18,3,71,29,448,1079,660
"227",19,3,73,32,480,1152,704
"228",20,3,52,47,527,1204,724
"229",21,3,63,34,561,1267,740
"230",22,3,53,34,595,1320,759
"231",23,3,64,28,623,1384,789
"232",24,3,67,27,650,1451,828
"233",25,3,52,32,682,1503,853
"234",26,3,53,41,723,1556,874
"235",27,3,65,25,748,1621,898
"236",28,3,66,41,789,1687,939
"237",29,3,56,41,830,1743,954
"238",30,3,62,24,854,1805,975
"239",31,3,61,34,888,1866,1012
"240",32,3,50,46,934,1916,1028
"241",33,3,43,41,975,1959,1025
"242",34,3,62,32,1007,2021,1046
"243",35,3,65,41,1048,2086,1079
"244",36,3,63,40,1088,2149,1101
"245",37,3,58,33,1121,2207,1119
"246",38,3,60,38,1159,2267,1146
"247",39,3,64,36,1195,2331,1172
"248",40,3,68,40,1235,2399,1204
"249",41,3,62,43,1278,2461,1226
"250",42,3,45,46,1324,2506,1228
"251",43,3,47,52,1376,2553,1229
"252",44,3,60,46,1422,2613,1237
"253",45,3,70,40,1462,2683,1261
"254",46,3,56,48,1510,2739,1277
"255",47,3,55,44,1554,2794,1284
"256",48,3,65,38,1592,2859,1305
"257",49,3,63,54,1646,2922,1330
"258",50,3,61,44,1690,2983,1337
"259",51,3,72,61,1751,3055,1365
"260",52,3,57,34,1785,3112,1361
"261",53,3,66,41,1826,3178,1393
"262",54,3,62,43,1869,3240,1414
"263",55,3,62,48,1917,3302,1433
"264",56,3,42,43,1960,3344,1427
"265",57,3,66,48,2008,3410,1450
"266",58,3,62,46,2054,3472,1464
"267",59,3,67,36,2090,3539,1485
"268",60,3,53,43,2133,3592,1502
"269",61,3,63,44,2177,3655,1522
"270",62,3,70,42,2219,3725,1548
"271",63,3,53,49,2268,3778,1559
"272",64,3,63,52,2320,3841,1573
"273",65,3,53,46,2366,3894,1574
"274",66,3,51,53,2419,3945,1579
"275",67,3,61,49,2468,4006,1587
"276",68,3,46,48,2516,4052,1584
"277",69,3,72,54,2570,4124,1608
"278",70,3,71,64,2634,4195,1625
"279",71,3,56,52,2686,4251,1617
"280",72,3,58,50,2736,4309,1623
"281",73,3,54,36,2772,4363,1627
"282",74,3,54,48,2820,4417,1645
"283",75,3,51,57,2877,4468,1648
"284",76,3,59,41,2918,4527,1650
"285",77,3,78,61,2979,4605,1687
"286",78,3,59,61,3040,4664,1685
"287",79,3,57,54,3094,4721,1681
"288",80,3,70,46,3140,4791,1697
"289",81,3,78,44,3184,4869,1729
"290",82,3,59,54,3238,4928,1744
"291",83,3,44,64,3302,4972,1734
"292",84,3,59,47,3349,5031,1729
"293",85,3,57,63,3412,5088,1739
"294",86,3,58,46,3458,5146,1734
"295",87,3,66,56,3514,5212,1754
"296",88,3,68,43,3557,5280,1766
"297",89,3,56,58,3615,5336,1779
"298",90,3,64,39,3654,5400,1785
"299",91,3,57,39,3693,5457,1803
"300",92,3,71,48,3741,5528,1835
"301",93,3,63,57,3798,5591,1850
"302",94,3,65,61,3859,5656,1858
"303",95,3,64,50,3909,5720,1861
"304",96,3,61,60,3969,5781,1872
"305",97,3,57,54,4023,5838,1869
"306",98,3,61,54,4077,5899,1876
"307",99,3,60,59,4136,5959,1882
"308",100,3,65,54,4190,6024,1888
"309",101,3,46,61,4251,6070,1880
"310",102,3,59,49,4300,6129,1878
"311",103,3,68,62,4362,6197,1897
"312",104,3,32,21,4383,6229,1867
"313",1,4,61,7,7,61,NA
"314",2,4,64,6,13,125,118
"315",3,4,65,13,26,190,177
"316",4,4,62,22,48,252,226
"317",5,4,65,24,72,317,269
"318",6,4,58,30,102,375,303
"319",7,4,66,29,131,441,339
"320",8,4,62,29,160,503,372
"321",9,4,70,26,186,573,413
"322",10,4,66,31,217,639,453
"323",11,4,53,21,238,692,475
"324",12,4,55,34,272,747,509
"325",13,4,74,23,295,821,549
"326",14,4,50,29,324,871,576
"327",15,4,59,33,357,930,606
"328",16,4,54,34,391,984,627
"329",17,4,65,34,425,1049,658
"330",18,4,63,34,459,1112,687
"331",19,4,53,45,504,1165,706
"332",20,4,52,29,533,1217,713
"333",21,4,72,22,555,1289,756
"334",22,4,71,22,577,1360,805
"335",23,4,52,27,604,1412,835
"336",24,4,58,28,632,1470,866
"337",25,4,51,26,658,1521,889
"338",26,4,64,48,706,1585,927
"339",27,4,54,28,734,1639,933
"340",28,4,49,29,763,1688,954
"341",29,4,64,34,797,1752,989
"342",30,4,48,34,831,1800,1003
"343",31,4,46,35,866,1846,1015
"344",32,4,60,42,908,1906,1040
"345",33,4,54,50,958,1960,1052
"346",34,4,58,48,1006,2018,1060
"347",35,4,46,45,1051,2064,1058
"348",36,4,61,40,1091,2125,1074
"349",37,4,63,43,1134,2188,1097
"350",38,4,63,36,1170,2251,1117
"351",39,4,67,35,1205,2318,1148
"352",40,4,47,39,1244,2365,1160
"353",41,4,57,46,1290,2422,1178
"354",42,4,64,34,1324,2486,1196
"355",43,4,59,44,1368,2545,1221
"356",44,4,80,28,1396,2625,1257
"357",45,4,64,50,1446,2689,1293
"358",46,4,50,35,1481,2739,1293
"359",47,4,68,51,1532,2807,1326
"360",48,4,67,46,1578,2874,1342
"361",49,4,72,47,1625,2946,1368
"362",50,4,61,43,1668,3007,1382
"363",51,4,76,44,1712,3083,1415
"364",52,4,57,34,1746,3140,1428
"365",53,4,70,36,1782,3210,1464
"366",54,4,74,35,1817,3284,1502
"367",55,4,37,53,1870,3321,1504
"368",56,4,70,54,1924,3391,1521
"369",57,4,68,34,1958,3459,1535
"370",58,4,58,41,1999,3517,1559
"371",59,4,49,54,2053,3566,1567
"372",60,4,57,51,2104,3623,1570
"373",61,4,57,50,2154,3680,1576
"374",62,4,61,46,2200,3741,1587
"375",63,4,59,58,2258,3800,1600
"376",64,4,66,45,2303,3866,1608
"377",65,4,68,43,2346,3934,1631
"378",66,4,56,49,2395,3990,1644
"379",67,4,68,42,2437,4058,1663
"380",68,4,66,42,2479,4124,1687
"381",69,4,63,56,2535,4187,1708
"382",70,4,59,53,2588,4246,1711
"383",71,4,42,59,2647,4288,1700
"384",72,4,58,59,2706,4346,1699
"385",73,4,54,66,2772,4400,1694
"386",74,4,64,60,2832,4464,1692
"387",75,4,57,55,2887,4521,1689
"388",76,4,64,45,2932,4585,1698
"389",77,4,60,49,2981,4645,1713
"390",78,4,57,47,3028,4702,1721
"391",79,4,56,54,3082,4758,1730
"392",80,4,64,56,3138,4822,1740
"393",81,4,56,54,3192,4878,1740
"394",82,4,67,47,3239,4945,1753
"395",83,4,58,43,3282,5003,1764
"396",84,4,55,57,3339,5058,1776
"397",85,4,63,62,3401,5121,1782
"398",86,4,68,51,3452,5189,1788
"399",87,4,62,64,3516,5251,1799
"400",88,4,51,66,3582,5302,1786
"401",89,4,60,57,3639,5362,1780
"402",90,4,63,46,3685,5425,1786
"403",91,4,67,62,3747,5492,1807
"404",92,4,79,57,3804,5571,1824
"405",93,4,66,54,3858,5637,1833
"406",94,4,53,58,3916,5690,1832
"407",95,4,62,59,3975,5752,1836
"408",96,4,62,60,4035,5814,1839
"409",97,4,58,57,4092,5872,1837
"410",98,4,64,49,4141,5936,1844
"411",99,4,56,64,4205,5992,1851
"412",100,4,52,55,4260,6044,1839
"413",101,4,52,50,4310,6096,1836
"414",102,4,55,65,4375,6151,1841
"415",103,4,69,58,4433,6220,1845
"416",104,4,29,23,4456,6249,1816
"417",1,5,55,3,3,55,NA
"418",2,5,56,10,13,111,108
"419",3,5,57,12,25,168,155
"420",4,5,69,28,53,237,212
"421",5,5,51,19,72,288,235
"422",6,5,60,24,96,348,276
"423",7,5,67,23,119,415,319
"424",8,5,63,25,144,478,359
"425",9,5,58,23,167,536,392
"426",10,5,60,20,187,596,429
"427",11,5,59,25,212,655,468
"428",12,5,64,31,243,719,507
"429",13,5,59,27,270,778,535
"430",14,5,61,21,291,839,569
"431",15,5,69,28,319,908,617
"432",16,5,44,33,352,952,633
"433",17,5,67,26,378,1019,667
"434",18,5,62,33,411,1081,703
"435",19,5,71,40,451,1152,741
"436",20,5,52,30,481,1204,753
"437",21,5,51,37,518,1255,774
"438",22,5,61,33,551,1316,798
"439",23,5,71,30,581,1387,836
"440",24,5,57,40,621,1444,863
"441",25,5,58,40,661,1502,881
"442",26,5,55,34,695,1557,896
"443",27,5,51,35,730,1608,913
"444",28,5,57,36,766,1665,935
"445",29,5,54,41,807,1719,953
"446",30,5,66,33,840,1785,978
"447",31,5,60,31,871,1845,1005
"448",32,5,44,41,912,1889,1018
"449",33,5,73,42,954,1962,1050
"450",34,5,48,37,991,2010,1056
"451",35,5,53,37,1028,2063,1072
"452",36,5,55,44,1072,2118,1090
"453",37,5,56,32,1104,2174,1102
"454",38,5,65,39,1143,2239,1135
"455",39,5,79,41,1184,2318,1175
"456",40,5,58,36,1220,2376,1192
"457",41,5,73,31,1251,2449,1229
"458",42,5,62,43,1294,2511,1260
"459",43,5,60,39,1333,2571,1277
"460",44,5,64,46,1379,2635,1302
"461",45,5,54,57,1436,2689,1310
"462",46,5,81,52,1488,2770,1334
"463",47,5,52,45,1533,2822,1334
"464",48,5,66,44,1577,2888,1355
"465",49,5,57,33,1610,2945,1368
"466",50,5,64,41,1651,3009,1399
"467",51,5,70,57,1708,3079,1428
"468",52,5,55,40,1748,3134,1426
"469",53,5,55,30,1778,3189,1441
"470",54,5,52,53,1831,3241,1463
"471",55,5,66,38,1869,3307,1476
"472",56,5,51,45,1914,3358,1489
"473",57,5,61,35,1949,3419,1505
"474",58,5,53,53,2002,3472,1523
"475",59,5,61,55,2057,3533,1531
"476",60,5,54,60,2117,3587,1530
"477",61,5,69,42,2159,3656,1539
"478",62,5,70,50,2209,3726,1567
"479",63,5,61,40,2249,3787,1578
"480",64,5,55,40,2289,3842,1593
"481",65,5,68,50,2339,3910,1621
"482",66,5,71,38,2377,3981,1642
"483",67,5,41,53,2430,4022,1645
"484",68,5,60,53,2483,4082,1652
"485",69,5,67,56,2539,4149,1666
"486",70,5,53,54,2593,4202,1663
"487",71,5,63,46,2639,4265,1672
"488",72,5,57,58,2697,4322,1683
"489",73,5,57,42,2739,4379,1682
"490",74,5,50,53,2792,4429,1690
"491",75,5,53,46,2838,4482,1690
"492",76,5,52,47,2885,4534,1696
"493",77,5,66,61,2946,4600,1715
"494",78,5,66,51,2997,4666,1720
"495",79,5,54,59,3056,4720,1723
"496",80,5,63,60,3116,4783,1727
"497",81,5,59,43,3159,4842,1726
"498",82,5,68,51,3210,4910,1751
"499",83,5,60,46,3256,4970,1760
"500",84,5,64,56,3312,5034,1778
"501",85,5,62,56,3368,5096,1784
"502",86,5,75,49,3417,5171,1803
"503",87,5,69,60,3477,5240,1823
"504",88,5,52,67,3544,5292,1815
"505",89,5,54,45,3589,5346,1802
"506",90,5,50,52,3641,5396,1807
"507",91,5,53,64,3705,5449,1808
"508",92,5,68,53,3758,5517,1812
"509",93,5,49,58,3816,5566,1808
"510",94,5,54,51,3867,5620,1804
"511",95,5,42,66,3933,5662,1795
"512",96,5,51,50,3983,5713,1780
"513",97,5,60,58,4041,5773,1790
"514",98,5,53,57,4098,5826,1785
"515",99,5,67,54,4152,5893,1795
"516",100,5,61,47,4199,5954,1802
"517",101,5,64,54,4253,6018,1819
"518",102,5,60,51,4304,6078,1825
"519",103,5,48,62,4366,6126,1822
"520",104,5,32,32,4398,6158,1792
"521",1,6,70,3,3,70,NA
"522",2,6,53,10,13,123,120
"523",3,6,52,13,26,175,162
"524",4,6,54,15,41,229,203
"525",5,6,50,27,68,279,238
"526",6,6,57,30,98,336,268
"527",7,6,57,30,128,393,295
"528",8,6,54,16,144,447,319
"529",9,6,73,24,168,520,376
"530",10,6,77,36,204,597,429
"531",11,6,57,25,229,654,450
"532",12,6,69,24,253,723,494
"533",13,6,68,31,284,791,538
"534",14,6,49,16,300,840,556
"535",15,6,64,39,339,904,604
"536",16,6,47,28,367,951,612
"537",17,6,67,32,399,1018,651
"538",18,6,64,29,428,1082,683
"539",19,6,53,37,465,1135,707
"540",20,6,60,32,497,1195,730
"541",21,6,73,44,541,1268,771
"542",22,6,62,24,565,1330,789
"543",23,6,60,39,604,1390,825
"544",24,6,68,35,639,1458,854
"545",25,6,60,29,668,1518,879
"546",26,6,58,27,695,1576,908
"547",27,6,52,43,738,1628,933
"548",28,6,55,37,775,1683,945
"549",29,6,65,46,821,1748,973
"550",30,6,54,40,861,1802,981
"551",31,6,63,44,905,1865,1004
"552",32,6,55,35,940,1920,1015
"553",33,6,51,39,979,1971,1031
"554",34,6,55,32,1011,2026,1047
"555",35,6,64,40,1051,2090,1079
"556",36,6,68,35,1086,2158,1107
"557",37,6,65,39,1125,2223,1137
"558",38,6,67,44,1169,2290,1165
"559",39,6,62,43,1212,2352,1183
"560",40,6,57,37,1249,2409,1197
"561",41,6,59,46,1295,2468,1219
"562",42,6,60,49,1344,2528,1233
"563",43,6,66,43,1387,2594,1250
"564",44,6,69,47,1434,2663,1276
"565",45,6,79,42,1476,2742,1308
"566",46,6,69,39,1515,2811,1335
"567",47,6,64,46,1561,2875,1360
"568",48,6,65,34,1595,2940,1379
"569",49,6,68,47,1642,3008,1413
"570",50,6,68,47,1689,3076,1434
"571",51,6,61,41,1730,3137,1448
"572",52,6,44,43,1773,3181,1451
"573",53,6,48,45,1818,3229,1456
"574",54,6,79,48,1866,3308,1490
"575",55,6,54,45,1911,3362,1496
"576",56,6,49,42,1953,3411,1500
"577",57,6,59,50,2003,3470,1517
"578",58,6,50,61,2064,3520,1517
"579",59,6,66,54,2118,3586,1522
"580",60,6,49,33,2151,3635,1517
"581",61,6,53,47,2198,3688,1537
"582",62,6,56,46,2244,3744,1546
"583",63,6,69,46,2290,3813,1569
"584",64,6,59,54,2344,3872,1582
"585",65,6,52,46,2390,3924,1580
"586",66,6,41,34,2424,3965,1575
"587",67,6,67,45,2469,4032,1608
"588",68,6,56,51,2520,4088,1619
"589",69,6,56,56,2576,4144,1624
"590",70,6,69,46,2622,4213,1637
"591",71,6,64,41,2663,4277,1655
"592",72,6,63,53,2716,4340,1677
"593",73,6,62,46,2762,4402,1686
"594",74,6,76,62,2824,4478,1716
"595",75,6,65,42,2866,4543,1719
"596",76,6,53,58,2924,4596,1730
"597",77,6,54,45,2969,4650,1726
"598",78,6,63,55,3024,4713,1744
"599",79,6,57,63,3087,4770,1746
"600",80,6,58,50,3137,4828,1741
"601",81,6,57,49,3186,4885,1748
"602",82,6,64,54,3240,4949,1763
"603",83,6,54,58,3298,5003,1763
"604",84,6,57,50,3348,5060,1762
"605",85,6,64,32,3380,5124,1776
"606",86,6,56,44,3424,5180,1800
"607",87,6,71,56,3480,5251,1827
"608",88,6,62,55,3535,5313,1833
"609",89,6,61,54,3589,5374,1839
"610",90,6,46,72,3661,5420,1831
"611",91,6,65,52,3713,5485,1824
"612",92,6,53,56,3769,5538,1825
"613",93,6,61,67,3836,5599,1830
"614",94,6,56,60,3896,5655,1819
"615",95,6,65,48,3944,5720,1824
"616",96,6,63,53,3997,5783,1839
"617",97,6,52,67,4064,5835,1838
"618",98,6,57,56,4120,5892,1828
"619",99,6,65,48,4168,5957,1837
"620",100,6,61,54,4222,6018,1850
"621",101,6,56,51,4273,6074,1852
"622",102,6,63,65,4338,6137,1864
"623",103,6,56,50,4388,6193,1855
"624",104,6,31,27,4415,6224,1836
"625",1,7,64,7,7,64,NA
"626",2,7,54,4,11,118,111
"627",3,7,57,16,27,175,164
"628",4,7,64,14,41,239,212
"629",5,7,52,23,64,291,250
"630",6,7,47,22,86,338,274
"631",7,7,50,21,107,388,302
"632",8,7,70,25,132,458,351
"633",9,7,63,22,154,521,389
"634",10,7,62,31,185,583,429
"635",11,7,54,20,205,637,452
"636",12,7,51,25,230,688,483
"637",13,7,56,20,250,744,514
"638",14,7,65,33,283,809,559
"639",15,7,61,31,314,870,587
"640",16,7,53,26,340,923,609
"641",17,7,67,31,371,990,650
"642",18,7,54,35,406,1044,673
"643",19,7,60,39,445,1104,698
"644",20,7,60,28,473,1164,719
"645",21,7,72,31,504,1236,763
"646",22,7,58,31,535,1294,790
"647",23,7,65,28,563,1359,824
"648",24,7,59,44,607,1418,855
"649",25,7,51,28,635,1469,862
"650",26,7,61,32,667,1530,895
"651",27,7,54,28,695,1584,917
"652",28,7,60,29,724,1644,949
"653",29,7,50,44,768,1694,970
"654",30,7,68,38,806,1762,994
"655",31,7,55,32,838,1817,1011
"656",32,7,52,38,876,1869,1031
"657",33,7,61,30,906,1930,1054
"658",34,7,61,41,947,1991,1085
"659",35,7,64,31,978,2055,1108
"660",36,7,53,53,1031,2108,1130
"661",37,7,67,37,1068,2175,1144
"662",38,7,51,41,1109,2226,1158
"663",39,7,57,57,1166,2283,1174
"664",40,7,66,33,1199,2349,1183
"665",41,7,66,32,1231,2415,1216
"666",42,7,49,48,1279,2464,1233
"667",43,7,59,30,1309,2523,1244
"668",44,7,65,31,1340,2588,1279
"669",45,7,56,56,1396,2644,1304
"670",46,7,46,45,1441,2690,1294
"671",47,7,42,43,1484,2732,1291
"672",48,7,75,36,1520,2807,1323
"673",49,7,64,35,1555,2871,1351
"674",50,7,40,40,1595,2911,1356
"675",51,7,66,45,1640,2977,1382
"676",52,7,54,48,1688,3031,1391
"677",53,7,62,46,1734,3093,1405
"678",54,7,68,49,1783,3161,1427
"679",55,7,65,56,1839,3226,1443
"680",56,7,65,39,1878,3291,1452
"681",57,7,62,47,1925,3353,1475
"682",58,7,67,53,1978,3420,1495
"683",59,7,53,33,2011,3473,1495
"684",60,7,67,38,2049,3540,1529
"685",61,7,63,50,2099,3603,1554
"686",62,7,66,43,2142,3669,1570
"687",63,7,57,45,2187,3726,1584
"688",64,7,57,46,2233,3783,1596
"689",65,7,58,45,2278,3841,1608
"690",66,7,56,54,2332,3897,1619
"691",67,7,45,46,2378,3942,1610
"692",68,7,52,61,2439,3994,1616
"693",69,7,59,59,2498,4053,1614
"694",70,7,54,55,2553,4107,1609
"695",71,7,58,51,2604,4165,1612
"696",72,7,61,46,2650,4226,1622
"697",73,7,61,45,2695,4287,1637
"698",74,7,49,41,2736,4336,1641
"699",75,7,76,55,2791,4412,1676
"700",76,7,59,39,2830,4471,1680
"701",77,7,59,51,2881,4530,1700
"702",78,7,58,41,2922,4588,1707
"703",79,7,50,57,2979,4638,1716
"704",80,7,50,53,3032,4688,1709
"705",81,7,74,74,3106,4762,1730
"706",82,7,48,58,3164,4810,1704
"707",83,7,61,53,3217,4871,1707
"708",84,7,52,56,3273,4923,1706
"709",85,7,57,55,3328,4980,1707
"710",86,7,74,57,3385,5054,1726
"711",87,7,55,57,3442,5109,1724
"712",88,7,47,48,3490,5156,1714
"713",89,7,62,50,3540,5218,1728
"714",90,7,71,58,3598,5289,1749
"715",91,7,61,55,3653,5350,1752
"716",92,7,62,55,3708,5412,1759
"717",93,7,46,49,3757,5458,1750
"718",94,7,53,57,3814,5511,1754
"719",95,7,59,58,3872,5570,1756
"720",96,7,61,45,3917,5631,1759
"721",97,7,57,66,3983,5688,1771
"722",98,7,60,59,4042,5748,1765
"723",99,7,54,43,4085,5802,1760
"724",100,7,69,47,4132,5871,1786
"725",101,7,44,61,4193,5915,1783
"726",102,7,57,54,4247,5972,1779
"727",103,7,59,61,4308,6031,1784
"728",104,7,33,30,4338,6064,1756
"729",1,8,73,4,4,73,NA
"730",2,8,59,10,14,132,128
"731",3,8,71,11,25,203,189
"732",4,8,68,26,51,271,246
"733",5,8,68,27,78,339,288
"734",6,8,51,23,101,390,312
"735",7,8,69,26,127,459,358
"736",8,8,50,22,149,509,382
"737",9,8,75,20,169,584,435
"738",10,8,55,31,200,639,470
"739",11,8,44,24,224,683,483
"740",12,8,64,21,245,747,523
"741",13,8,55,28,273,802,557
"742",14,8,47,33,306,849,576
"743",15,8,60,32,338,909,603
"744",16,8,54,27,365,963,625
"745",17,8,66,28,393,1029,664
"746",18,8,52,37,430,1081,688
"747",19,8,54,27,457,1135,705
"748",20,8,59,35,492,1194,737
"749",21,8,62,29,521,1256,764
"750",22,8,66,35,556,1322,801
"751",23,8,55,28,584,1377,821
"752",24,8,68,31,615,1445,861
"753",25,8,62,40,655,1507,892
"754",26,8,58,30,685,1565,910
"755",27,8,66,35,720,1631,946
"756",28,8,53,39,759,1684,964
"757",29,8,51,38,797,1735,976
"758",30,8,56,49,846,1791,994
"759",31,8,60,40,886,1851,1005
"760",32,8,57,33,919,1908,1022
"761",33,8,57,39,958,1965,1046
"762",34,8,61,39,997,2026,1068
"763",35,8,58,29,1026,2084,1087
"764",36,8,50,30,1056,2134,1108
"765",37,8,57,25,1081,2191,1135
"766",38,8,52,32,1113,2243,1162
"767",39,8,61,45,1158,2304,1191
"768",40,8,58,38,1196,2362,1204
"769",41,8,65,31,1227,2427,1231
"770",42,8,56,37,1264,2483,1256
"771",43,8,63,36,1300,2546,1282
"772",44,8,60,52,1352,2606,1306
"773",45,8,67,46,1398,2673,1321
"774",46,8,58,54,1452,2731,1333
"775",47,8,72,44,1496,2803,1351
"776",48,8,64,51,1547,2867,1371
"777",49,8,46,47,1594,2913,1366
"778",50,8,64,53,1647,2977,1383
"779",51,8,60,45,1692,3037,1390
"780",52,8,64,39,1731,3101,1409
"781",53,8,64,37,1768,3165,1434
"782",54,8,63,56,1824,3228,1460
"783",55,8,64,50,1874,3292,1468
"784",56,8,56,49,1923,3348,1474
"785",57,8,53,43,1966,3401,1478
"786",58,8,66,41,2007,3467,1501
"787",59,8,66,40,2047,3533,1526
"788",60,8,69,55,2102,3602,1555
"789",61,8,54,44,2146,3656,1554
"790",62,8,63,44,2190,3719,1573
"791",63,8,58,59,2249,3777,1587
"792",64,8,61,45,2294,3838,1589
"793",65,8,58,45,2339,3896,1602
"794",66,8,72,53,2392,3968,1629
"795",67,8,62,49,2441,4030,1638
"796",68,8,52,50,2491,4082,1641
"797",69,8,58,48,2539,4140,1649
"798",70,8,53,41,2580,4193,1654
"799",71,8,46,48,2628,4239,1659
"800",72,8,64,48,2676,4303,1675
"801",73,8,70,61,2737,4373,1697
"802",74,8,71,52,2789,4444,1707
"803",75,8,61,54,2843,4505,1716
"804",76,8,72,52,2895,4577,1734
"805",77,8,66,58,2953,4643,1748
"806",78,8,55,47,3000,4698,1745
"807",79,8,56,49,3049,4754,1754
"808",80,8,55,57,3106,4809,1760
"809",81,8,64,47,3153,4873,1767
"810",82,8,52,56,3209,4925,1772
"811",83,8,55,58,3267,4980,1771
"812",84,8,71,41,3308,5051,1784
"813",85,8,65,53,3361,5116,1808
"814",86,8,58,66,3427,5174,1813
"815",87,8,56,46,3473,5230,1803
"816",88,8,54,64,3537,5284,1811
"817",89,8,64,56,3593,5348,1811
"818",90,8,54,58,3651,5402,1809
"819",91,8,54,61,3712,5456,1805
"820",92,8,61,48,3760,5517,1805
"821",93,8,48,62,3822,5565,1805
"822",94,8,56,57,3879,5621,1799
"823",95,8,64,67,3946,5685,1806
"824",96,8,72,52,3998,5757,1811
"825",97,8,74,60,4058,5831,1833
"826",98,8,73,62,4120,5904,1846
"827",99,8,61,40,4160,5965,1845
"828",100,8,68,51,4211,6033,1873
"829",101,8,62,58,4269,6095,1884
"830",102,8,61,44,4313,6156,1887
"831",103,8,67,48,4361,6223,1910
"832",104,8,22,26,4387,6245,1884
"833",1,9,57,5,5,57,NA
"834",2,9,59,8,13,116,111
"835",3,9,49,12,25,165,152
"836",4,9,59,13,38,224,199
"837",5,9,43,21,59,267,229
"838",6,9,72,22,81,339,280
"839",7,9,46,25,106,385,304
"840",8,9,58,26,132,443,337
"841",9,9,58,28,160,501,369
"842",10,9,73,28,188,574,414
"843",11,9,63,22,210,637,449
"844",12,9,65,27,237,702,492
"845",13,9,48,22,259,750,513
"846",14,9,46,29,288,796,537
"847",15,9,64,35,323,860,572
"848",16,9,57,24,347,917,594
"849",17,9,51,34,381,968,621
"850",18,9,60,41,422,1028,647
"851",19,9,50,27,449,1078,656
"852",20,9,55,27,476,1133,684
"853",21,9,54,38,514,1187,711
"854",22,9,62,31,545,1249,735
"855",23,9,46,27,572,1295,750
"856",24,9,67,36,608,1362,790
"857",25,9,53,28,636,1415,807
"858",26,9,63,32,668,1478,842
"859",27,9,69,26,694,1547,879
"860",28,9,69,39,733,1616,922
"861",29,9,50,34,767,1666,933
"862",30,9,59,25,792,1725,958
"863",31,9,51,40,832,1776,984
"864",32,9,62,34,866,1838,1006
"865",33,9,66,44,910,1904,1038
"866",34,9,58,31,941,1962,1052
"867",35,9,60,30,971,2022,1081
"868",36,9,58,35,1006,2080,1109
"869",37,9,60,37,1043,2140,1134
"870",38,9,56,35,1078,2196,1153
"871",39,9,62,37,1115,2258,1180
"872",40,9,45,45,1160,2303,1188
"873",41,9,57,33,1193,2360,1200
"874",42,9,49,32,1225,2409,1216
"875",43,9,61,35,1260,2470,1245
"876",44,9,59,32,1292,2529,1269
"877",45,9,67,36,1328,2596,1304
"878",46,9,56,36,1364,2652,1324
"879",47,9,65,44,1408,2717,1353
"880",48,9,65,45,1453,2782,1374
"881",49,9,60,45,1498,2842,1389
"882",50,9,67,31,1529,2909,1411
"883",51,9,55,37,1566,2964,1435
"884",52,9,63,48,1614,3027,1461
"885",53,9,69,54,1668,3096,1482
"886",54,9,67,46,1714,3163,1495
"887",55,9,62,46,1760,3225,1511
"888",56,9,63,40,1800,3288,1528
"889",57,9,50,48,1848,3338,1538
"890",58,9,51,45,1893,3389,1541
"891",59,9,50,52,1945,3439,1546
"892",60,9,82,54,1999,3521,1576
"893",61,9,68,49,2048,3589,1590
"894",62,9,60,51,2099,3649,1601
"895",63,9,67,51,2150,3716,1617
"896",64,9,59,45,2195,3775,1625
"897",65,9,68,46,2241,3843,1648
"898",66,9,54,38,2279,3897,1656
"899",67,9,62,38,2317,3959,1680
"900",68,9,52,66,2383,4011,1694
"901",69,9,58,52,2435,4069,1686
"902",70,9,65,49,2484,4134,1699
"903",71,9,51,54,2538,4185,1701
"904",72,9,65,55,2593,4250,1712
"905",73,9,65,59,2652,4315,1722
"906",74,9,61,53,2705,4376,1724
"907",75,9,62,68,2773,4438,1733
"908",76,9,60,56,2829,4498,1725
"909",77,9,59,49,2878,4557,1728
"910",78,9,56,48,2926,4613,1735
"911",79,9,62,48,2974,4675,1749
"912",80,9,72,52,3026,4747,1773
"913",81,9,65,46,3072,4812,1786
"914",82,9,67,65,3137,4879,1807
"915",83,9,64,52,3189,4943,1806
"916",84,9,56,53,3242,4999,1810
"917",85,9,63,61,3303,5062,1820
"918",86,9,73,52,3355,5135,1832
"919",87,9,61,54,3409,5196,1841
"920",88,9,57,52,3461,5253,1844
"921",89,9,58,70,3531,5311,1850
"922",90,9,70,63,3594,5381,1850
"923",91,9,60,49,3643,5441,1847
"924",92,9,64,67,3710,5505,1862
"925",93,9,50,58,3768,5555,1845
"926",94,9,60,58,3826,5615,1847
"927",95,9,65,56,3882,5680,1854
"928",96,9,63,59,3941,5743,1861
"929",97,9,51,52,3993,5794,1853
"930",98,9,60,52,4045,5854,1861
"931",99,9,66,51,4096,5920,1875
"932",100,9,67,56,4152,5987,1891
"933",101,9,65,62,4214,6052,1900
"934",102,9,63,62,4276,6115,1901
"935",103,9,66,70,4346,6181,1905
"936",104,9,33,31,4377,6214,1868
"937",1,10,62,5,5,62,NA
"938",2,10,58,8,13,120,115
"939",3,10,61,15,28,181,168
"940",4,10,49,21,49,230,202
"941",5,10,61,32,81,291,242
"942",6,10,62,25,106,353,272
"943",7,10,62,21,127,415,309
"944",8,10,60,30,157,475,348
"945",9,10,61,24,181,536,379
"946",10,10,56,19,200,592,411
"947",11,10,54,24,224,646,446
"948",12,10,60,28,252,706,482
"949",13,10,39,26,278,745,493
"950",14,10,63,26,304,808,530
"951",15,10,76,34,338,884,580
"952",16,10,66,26,364,950,612
"953",17,10,53,23,387,1003,639
"954",18,10,56,29,416,1059,672
"955",19,10,78,34,450,1137,721
"956",20,10,67,34,484,1204,754
"957",21,10,63,24,508,1267,783
"958",22,10,63,31,539,1330,822
"959",23,10,62,36,575,1392,853
"960",24,10,57,32,607,1449,874
"961",25,10,57,44,651,1506,899
"962",26,10,66,22,673,1572,921
"963",27,10,55,45,718,1627,954
"964",28,10,64,35,753,1691,973
"965",29,10,59,33,786,1750,997
"966",30,10,61,34,820,1811,1025
"967",31,10,57,49,869,1868,1048
"968",32,10,44,27,896,1912,1043
"969",33,10,57,31,927,1969,1073
"970",34,10,50,30,957,2019,1092
"971",35,10,53,39,996,2072,1115
"972",36,10,62,37,1033,2134,1138
"973",37,10,64,41,1074,2198,1165
"974",38,10,65,37,1111,2263,1189
"975",39,10,60,38,1149,2323,1212
"976",40,10,60,46,1195,2383,1234
"977",41,10,53,39,1234,2436,1241
"978",42,10,53,38,1272,2489,1255
"979",43,10,69,47,1319,2558,1286
"980",44,10,54,44,1363,2612,1293
"981",45,10,63,51,1414,2675,1312
"982",46,10,60,40,1454,2735,1321
"983",47,10,59,44,1498,2794,1340
"984",48,10,68,42,1540,2862,1364
"985",49,10,59,39,1579,2921,1381
"986",50,10,56,46,1625,2977,1398
"987",51,10,56,50,1675,3033,1408
"988",52,10,56,59,1734,3089,1414
"989",53,10,59,60,1794,3148,1414
"990",54,10,47,35,1829,3195,1401
"991",55,10,62,58,1887,3257,1428
"992",56,10,72,57,1944,3329,1442
"993",57,10,63,46,1990,3392,1448
"994",58,10,56,61,2051,3448,1458
"995",59,10,56,39,2090,3504,1453
"996",60,10,56,52,2142,3560,1470
"997",61,10,60,35,2177,3620,1478
"998",62,10,69,46,2223,3689,1512
"999",63,10,52,48,2271,3741,1518
"1000",64,10,51,46,2317,3792,1521
"1001",65,10,67,44,2361,3859,1542
"1002",66,10,71,46,2407,3930,1569
"1003",67,10,61,52,2459,3991,1584
"1004",68,10,52,45,2504,4043,1584
"1005",69,10,50,59,2563,4093,1589
"1006",70,10,59,50,2613,4152,1589
"1007",71,10,61,50,2663,4213,1600
"1008",72,10,56,50,2713,4269,1606
"1009",73,10,60,57,2770,4329,1616
"1010",74,10,48,41,2811,4377,1607
"1011",75,10,63,51,2862,4440,1629
"1012",76,10,60,61,2923,4500,1638
"1013",77,10,46,48,2971,4546,1623
"1014",78,10,56,56,3027,4602,1631
"1015",79,10,54,46,3073,4656,1629
"1016",80,10,55,56,3129,4711,1638
"1017",81,10,69,47,3176,4780,1651
"1018",82,10,72,56,3232,4852,1676
"1019",83,10,68,54,3286,4920,1688
"1020",84,10,53,54,3340,4973,1687
"1021",85,10,67,61,3401,5040,1700
"1022",86,10,49,58,3459,5089,1688
"1023",87,10,46,66,3525,5135,1676
"1024",88,10,68,41,3566,5203,1678
"1025",89,10,72,49,3615,5275,1709
"1026",90,10,58,55,3670,5333,1718
"1027",91,10,65,38,3708,5398,1728
"1028",92,10,61,47,3755,5459,1751
"1029",93,10,64,66,3821,5523,1768
"1030",94,10,60,46,3867,5583,1762
"1031",95,10,70,54,3921,5653,1786
"1032",96,10,60,50,3971,5713,1792
"1033",97,10,61,50,4021,5774,1803
"1034",98,10,63,60,4081,5837,1816
"1035",99,10,67,51,4132,5904,1823
"1036",100,10,56,38,4170,5960,1828
"1037",101,10,74,56,4226,6034,1864
"1038",102,10,53,42,4268,6087,1861
"1039",103,10,60,57,4325,6147,1879
"1040",104,10,40,33,4358,6187,1862
"1041",1,11,55,5,5,55,NA
"1042",2,11,59,3,8,114,109
"1043",3,11,73,8,16,187,179
"1044",4,11,57,20,36,244,228
"1045",5,11,62,27,63,306,270
"1046",6,11,58,23,86,364,301
"1047",7,11,59,23,109,423,337
"1048",8,11,57,24,133,480,371
"1049",9,11,48,34,167,528,395
"1050",10,11,64,31,198,592,425
"1051",11,11,67,22,220,659,461
"1052",12,11,62,27,247,721,501
"1053",13,11,45,27,274,766,519
"1054",14,11,53,30,304,819,545
"1055",15,11,48,30,334,867,563
"1056",16,11,60,31,365,927,593
"1057",17,11,57,34,399,984,619
"1058",18,11,55,29,428,1039,640
"1059",19,11,52,28,456,1091,663
"1060",20,11,62,27,483,1153,697
"1061",21,11,59,37,520,1212,729
"1062",22,11,64,26,546,1276,756
"1063",23,11,51,25,571,1327,781
"1064",24,11,65,30,601,1392,821
"1065",25,11,63,26,627,1455,854
"1066",26,11,65,41,668,1520,893
"1067",27,11,60,38,706,1580,912
"1068",28,11,68,34,740,1648,942
"1069",29,11,69,31,771,1717,977
"1070",30,11,55,36,807,1772,1001
"1071",31,11,67,38,845,1839,1032
"1072",32,11,48,46,891,1887,1042
"1073",33,11,75,33,924,1962,1071
"1074",34,11,60,45,969,2022,1098
"1075",35,11,60,33,1002,2082,1113
"1076",36,11,63,22,1024,2145,1143
"1077",37,11,73,28,1052,2218,1194
"1078",38,11,58,40,1092,2276,1224
"1079",39,11,56,31,1123,2332,1240
"1080",40,11,60,47,1170,2392,1269
"1081",41,11,56,45,1215,2448,1278
"1082",42,11,39,43,1258,2487,1272
"1083",43,11,62,43,1301,2549,1291
"1084",44,11,72,37,1338,2621,1320
"1085",45,11,60,43,1381,2681,1343
"1086",46,11,60,49,1430,2741,1360
"1087",47,11,52,43,1473,2793,1363
"1088",48,11,50,44,1517,2843,1370
"1089",49,11,60,35,1552,2903,1386
"1090",50,11,59,45,1597,2962,1410
"1091",51,11,78,46,1643,3040,1443
"1092",52,11,60,52,1695,3100,1457
"1093",53,11,63,45,1740,3163,1468
"1094",54,11,61,47,1787,3224,1484
"1095",55,11,72,39,1826,3296,1509
"1096",56,11,42,43,1869,3338,1512
"1097",57,11,58,48,1917,3396,1527
"1098",58,11,52,37,1954,3448,1531
"1099",59,11,64,46,2000,3512,1558
"1100",60,11,72,50,2050,3584,1584
"1101",61,11,64,44,2094,3648,1598
"1102",62,11,62,61,2155,3710,1616
"1103",63,11,48,44,2199,3758,1603
"1104",64,11,54,44,2243,3812,1613
"1105",65,11,64,53,2296,3876,1633
"1106",66,11,65,46,2342,3941,1645
"1107",67,11,74,59,2401,4015,1673
"1108",68,11,55,62,2463,4070,1669
"1109",69,11,46,47,2510,4116,1653
"1110",70,11,77,48,2558,4193,1683
"1111",71,11,64,40,2598,4257,1699
"1112",72,11,63,44,2642,4320,1722
"1113",73,11,53,42,2684,4373,1731
"1114",74,11,47,52,2736,4420,1736
"1115",75,11,69,57,2793,4489,1753
"1116",76,11,56,45,2838,4545,1752
"1117",77,11,59,65,2903,4604,1766
"1118",78,11,70,56,2959,4674,1771
"1119",79,11,59,53,3012,4733,1774
"1120",80,11,55,64,3076,4788,1776
"1121",81,11,64,49,3125,4852,1776
"1122",82,11,53,47,3172,4905,1780
"1123",83,11,72,64,3236,4977,1805
"1124",84,11,60,58,3294,5037,1801
"1125",85,11,71,47,3341,5108,1814
"1126",86,11,64,49,3390,5172,1831
"1127",87,11,57,62,3452,5229,1839
"1128",88,11,61,53,3505,5290,1838
"1129",89,11,54,51,3556,5344,1839
"1130",90,11,69,47,3603,5413,1857
"1131",91,11,63,47,3650,5476,1873
"1132",92,11,64,56,3706,5540,1890
"1133",93,11,68,54,3760,5608,1902
"1134",94,11,63,51,3811,5671,1911
"1135",95,11,68,52,3863,5739,1928
"1136",96,11,66,52,3915,5805,1942
"1137",97,11,47,68,3983,5852,1937
"1138",98,11,52,53,4036,5904,1921
"1139",99,11,63,55,4091,5967,1931
"1140",100,11,58,69,4160,6025,1934
"1141",101,11,51,50,4210,6076,1916
"1142",102,11,54,51,4261,6130,1920
"1143",103,11,76,55,4316,6206,1945
"1144",104,11,34,34,4350,6240,1924
"1145",1,12,56,2,2,56,NA
"1146",2,12,66,10,12,122,120
"1147",3,12,64,12,24,186,174
"1148",4,12,59,19,43,245,221
"1149",5,12,57,22,65,302,259
"1150",6,12,68,19,84,370,305
"1151",7,12,54,31,115,424,340
"1152",8,12,53,28,143,477,362
"1153",9,12,50,25,168,527,384
"1154",10,12,57,24,192,584,416
"1155",11,12,58,23,215,642,450
"1156",12,12,70,31,246,712,497
"1157",13,12,60,31,277,772,526
"1158",14,12,54,21,298,826,549
"1159",15,12,55,26,324,881,583
"1160",16,12,66,34,358,947,623
"1161",17,12,65,30,388,1012,654
"1162",18,12,66,27,415,1078,690
"1163",19,12,63,46,461,1141,726
"1164",20,12,52,32,493,1193,732
"1165",21,12,68,31,524,1261,768
"1166",22,12,55,32,556,1316,792
"1167",23,12,58,33,589,1374,818
"1168",24,12,66,39,628,1440,851
"1169",25,12,70,38,666,1510,882
"1170",26,12,62,33,699,1572,906
"1171",27,12,73,34,733,1645,946
"1172",28,12,70,42,775,1715,982
"1173",29,12,63,34,809,1778,1003
"1174",30,12,57,29,838,1835,1026
"1175",31,12,57,29,867,1892,1054
"1176",32,12,68,38,905,1960,1093
"1177",33,12,68,36,941,2028,1123
"1178",34,12,80,32,973,2108,1167
"1179",35,12,60,26,999,2168,1195
"1180",36,12,67,29,1028,2235,1236
"1181",37,12,51,31,1059,2286,1258
"1182",38,12,59,47,1106,2345,1286
"1183",39,12,73,47,1153,2418,1312
"1184",40,12,60,48,1201,2478,1325
"1185",41,12,75,52,1253,2553,1352
"1186",42,12,62,32,1285,2615,1362
"1187",43,12,56,49,1334,2671,1386
"1188",44,12,46,51,1385,2717,1383
"1189",45,12,64,41,1426,2781,1396
"1190",46,12,58,28,1454,2839,1413
"1191",47,12,50,44,1498,2889,1435
"1192",48,12,66,39,1537,2955,1457
"1193",49,12,54,39,1576,3009,1472
"1194",50,12,44,34,1610,3053,1477
"1195",51,12,63,49,1659,3116,1506
"1196",52,12,63,49,1708,3179,1520
"1197",53,12,50,45,1753,3229,1521
"1198",54,12,45,42,1795,3274,1521
"1199",55,12,60,37,1832,3334,1539
"1200",56,12,68,51,1883,3402,1570
"1201",57,12,56,46,1929,3458,1575
"1202",58,12,62,45,1974,3520,1591
"1203",59,12,66,50,2024,3586,1612
"1204",60,12,71,41,2065,3657,1633
"1205",61,12,59,48,2113,3716,1651
"1206",62,12,56,53,2166,3772,1659
"1207",63,12,65,52,2218,3837,1671
"1208",64,12,51,48,2266,3888,1670
"1209",65,12,76,66,2332,3964,1698
"1210",66,12,47,49,2381,4011,1679
"1211",67,12,52,55,2436,4063,1682
"1212",68,12,60,50,2486,4123,1687
"1213",69,12,63,57,2543,4186,1700
"1214",70,12,59,43,2586,4245,1702
"1215",71,12,41,50,2636,4286,1700
"1216",72,12,59,47,2683,4345,1709
"1217",73,12,64,37,2720,4409,1726
"1218",74,12,64,35,2755,4473,1753
"1219",75,12,66,67,2822,4539,1784
"1220",76,12,55,50,2872,4594,1772
"1221",77,12,66,59,2931,4660,1788
"1222",78,12,57,55,2986,4717,1786
"1223",79,12,52,49,3035,4769,1783
"1224",80,12,66,57,3092,4835,1800
"1225",81,12,62,72,3164,4897,1805
"1226",82,12,51,45,3209,4948,1784
"1227",83,12,60,54,3263,5008,1799
"1228",84,12,63,49,3312,5071,1808
"1229",85,12,54,45,3357,5125,1813
"1230",86,12,48,70,3427,5173,1816
"1231",87,12,49,64,3491,5222,1795
"1232",88,12,53,40,3531,5275,1784
"1233",89,12,57,66,3597,5332,1801
"1234",90,12,48,52,3649,5380,1783
"1235",91,12,55,64,3713,5435,1786
"1236",92,12,52,63,3776,5487,1774
"1237",93,12,57,59,3835,5544,1768
"1238",94,12,60,65,3900,5604,1769
"1239",95,12,56,52,3952,5660,1760
"1240",96,12,54,65,4017,5714,1762
"1241",97,12,66,56,4073,5780,1763
"1242",98,12,58,59,4132,5838,1765
"1243",99,12,66,53,4185,5904,1772
"1244",100,12,73,58,4243,5977,1792
"1245",101,12,69,45,4288,6046,1803
"1246",102,12,74,44,4332,6120,1832
"1247",103,12,56,56,4388,6176,1844
"1248",104,12,39,24,4412,6215,1827
"1249",1,13,63,6,6,63,NA
"1250",2,13,59,5,11,122,116
"1251",3,13,57,16,27,179,168
"1252",4,13,65,17,44,244,217
"1253",5,13,48,16,60,292,248
"1254",6,13,62,25,85,354,294
"1255",7,13,60,28,113,414,329
"1256",8,13,48,28,141,462,349
"1257",9,13,62,21,162,524,383
"1258",10,13,53,28,190,577,415
"1259",11,13,69,21,211,646,456
"1260",12,13,50,20,231,696,485
"1261",13,13,55,20,251,751,520
"1262",14,13,54,26,277,805,554
"1263",15,13,49,36,313,854,577
"1264",16,13,54,26,339,908,595
"1265",17,13,66,30,369,974,635
"1266",18,13,72,22,391,1046,677
"1267",19,13,64,28,419,1110,719
"1268",20,13,59,28,447,1169,750
"1269",21,13,58,35,482,1227,780
"1270",22,13,63,31,513,1290,808
"1271",23,13,70,35,548,1360,847
"1272",24,13,59,38,586,1419,871
"1273",25,13,60,33,619,1479,893
"1274",26,13,60,36,655,1539,920
"1275",27,13,71,41,696,1610,955
"1276",28,13,44,30,726,1654,958
"1277",29,13,76,27,753,1730,1004
"1278",30,13,53,33,786,1783,1030
"1279",31,13,48,39,825,1831,1045
"1280",32,13,67,37,862,1898,1073
"1281",33,13,50,42,904,1948,1086
"1282",34,13,58,36,940,2006,1102
"1283",35,13,57,28,968,2063,1123
"1284",36,13,71,36,1004,2134,1166
"1285",37,13,60,38,1042,2194,1190
"1286",38,13,66,35,1077,2260,1218
"1287",39,13,60,52,1129,2320,1243
"1288",40,13,76,41,1170,2396,1267
"1289",41,13,70,45,1215,2466,1296
"1290",42,13,56,50,1265,2522,1307
"1291",43,13,60,36,1301,2582,1317
"1292",44,13,45,40,1341,2627,1326
"1293",45,13,73,38,1379,2700,1359
"1294",46,13,54,52,1431,2754,1375
"1295",47,13,56,59,1490,2810,1379
"1296",48,13,62,48,1538,2872,1382
"1297",49,13,65,44,1582,2937,1399
"1298",50,13,57,46,1628,2994,1412
"1299",51,13,63,50,1678,3057,1429
"1300",52,13,65,44,1722,3122,1444
"1301",53,13,68,44,1766,3190,1468
"1302",54,13,44,36,1802,3234,1468
"1303",55,13,58,48,1850,3292,1490
"1304",56,13,48,44,1894,3340,1490
"1305",57,13,55,51,1945,3395,1501
"1306",58,13,47,50,1995,3442,1497
"1307",59,13,53,51,2046,3495,1500
"1308",60,13,59,40,2086,3554,1508
"1309",61,13,63,38,2124,3617,1531
"1310",62,13,65,47,2171,3682,1558
"1311",63,13,52,55,2226,3734,1563
"1312",64,13,66,44,2270,3800,1574
"1313",65,13,45,50,2320,3845,1575
"1314",66,13,53,56,2376,3898,1578
"1315",67,13,64,51,2427,3962,1586
"1316",68,13,59,46,2473,4021,1594
"1317",69,13,61,59,2532,4082,1609
"1318",70,13,75,57,2589,4157,1625
"1319",71,13,54,50,2639,4211,1622
"1320",72,13,55,37,2676,4266,1627
"1321",73,13,48,33,2709,4314,1638
"1322",74,13,65,47,2756,4379,1670
"1323",75,13,55,49,2805,4434,1678
"1324",76,13,59,58,2863,4493,1688
"1325",77,13,61,39,2902,4554,1691
"1326",78,13,55,52,2954,4609,1707
"1327",79,13,70,65,3019,4679,1725
"1328",80,13,61,64,3083,4740,1721
"1329",81,13,48,51,3134,4788,1705
"1330",82,13,68,45,3179,4856,1722
"1331",83,13,60,52,3231,4916,1737
"1332",84,13,61,38,3269,4977,1746
"1333",85,13,48,40,3309,5025,1756
"1334",86,13,52,54,3363,5077,1768
"1335",87,13,61,51,3414,5138,1775
"1336",88,13,48,56,3470,5186,1772
"1337",89,13,55,54,3524,5241,1771
"1338",90,13,56,54,3578,5297,1773
"1339",91,13,58,51,3629,5355,1777
"1340",92,13,49,46,3675,5404,1775
"1341",93,13,59,62,3737,5463,1788
"1342",94,13,56,62,3799,5519,1782
"1343",95,13,67,48,3847,5586,1787
"1344",96,13,60,56,3903,5646,1799
"1345",97,13,54,61,3964,5700,1797
"1346",98,13,53,61,4025,5753,1789
"1347",99,13,65,59,4084,5818,1793
"1348",100,13,64,56,4140,5882,1798
"1349",101,13,60,44,4184,5942,1802
"1350",102,13,48,58,4242,5990,1806
"1351",103,13,52,58,4300,6042,1800
"1352",104,13,29,23,4323,6071,1771
"1353",1,14,54,1,1,54,NA
"1354",2,14,57,6,7,111,110
"1355",3,14,62,16,23,173,166
"1356",4,14,53,30,53,226,203
"1357",5,14,63,29,82,289,236
"1358",6,14,76,17,99,365,283
"1359",7,14,46,21,120,411,312
"1360",8,14,62,27,147,473,353
"1361",9,14,71,30,177,544,397
"1362",10,14,67,35,212,611,434
"1363",11,14,64,25,237,675,463
"1364",12,14,58,27,264,733,496
"1365",13,14,41,24,288,774,510
"1366",14,14,63,31,319,837,549
"1367",15,14,55,26,345,892,573
"1368",16,14,62,28,373,954,609
"1369",17,14,59,29,402,1013,640
"1370",18,14,55,39,441,1068,666
"1371",19,14,70,38,479,1138,697
"1372",20,14,54,36,515,1192,713
"1373",21,14,58,33,548,1250,735
"1374",22,14,57,33,581,1307,759
"1375",23,14,48,33,614,1355,774
"1376",24,14,54,32,646,1409,795
"1377",25,14,72,35,681,1481,835
"1378",26,14,62,24,705,1543,862
"1379",27,14,82,35,740,1625,920
"1380",28,14,61,36,776,1686,946
"1381",29,14,58,45,821,1744,968
"1382",30,14,61,39,860,1805,984
"1383",31,14,44,33,893,1849,989
"1384",32,14,47,40,933,1896,1003
"1385",33,14,63,35,968,1959,1026
"1386",34,14,62,33,1001,2021,1053
"1387",35,14,60,49,1050,2081,1080
"1388",36,14,64,37,1087,2145,1095
"1389",37,14,46,51,1138,2191,1104
"1390",38,14,61,40,1178,2252,1114
"1391",39,14,59,46,1224,2311,1133
"1392",40,14,67,35,1259,2378,1154
"1393",41,14,56,41,1300,2434,1175
"1394",42,14,65,39,1339,2499,1199
"1395",43,14,66,39,1378,2565,1226
"1396",44,14,60,52,1430,2625,1247
"1397",45,14,58,36,1466,2683,1253
"1398",46,14,56,31,1497,2739,1273
"1399",47,14,56,34,1531,2795,1298
"1400",48,14,56,42,1573,2851,1320
"1401",49,14,46,43,1616,2897,1324
"1402",50,14,68,54,1670,2965,1349
"1403",51,14,55,46,1716,3020,1350
"1404",52,14,72,47,1763,3092,1376
"1405",53,14,62,45,1808,3154,1391
"1406",54,14,58,44,1852,3212,1404
"1407",55,14,66,41,1893,3278,1426
"1408",56,14,67,43,1936,3345,1452
"1409",57,14,40,49,1985,3385,1449
"1410",58,14,72,43,2028,3457,1472
"1411",59,14,52,50,2078,3509,1481
"1412",60,14,51,57,2135,3560,1482
"1413",61,14,66,42,2177,3626,1491
"1414",62,14,58,42,2219,3684,1507
"1415",63,14,66,39,2258,3750,1531
"1416",64,14,62,46,2304,3812,1554
"1417",65,14,81,44,2348,3893,1589
"1418",66,14,72,55,2403,3965,1617
"1419",67,14,53,44,2447,4018,1615
"1420",68,14,58,44,2491,4076,1629
"1421",69,14,67,55,2546,4143,1652
"1422",70,14,67,48,2594,4210,1664
"1423",71,14,51,59,2653,4261,1667
"1424",72,14,59,53,2706,4320,1667
"1425",73,14,60,48,2754,4380,1674
"1426",74,14,59,61,2815,4439,1685
"1427",75,14,47,50,2865,4486,1671
"1428",76,14,37,48,2913,4523,1658
"1429",77,14,68,51,2964,4591,1678
"1430",78,14,59,50,3014,4650,1686
"1431",79,14,69,40,3054,4719,1705
"1432",80,14,67,58,3112,4786,1732
"1433",81,14,64,39,3151,4850,1738
"1434",82,14,65,49,3200,4915,1764
"1435",83,14,59,56,3256,4974,1774
"1436",84,14,59,63,3319,5033,1777
"1437",85,14,58,59,3378,5091,1772
"1438",86,14,50,59,3437,5141,1763
"1439",87,14,60,51,3488,5201,1764
"1440",88,14,50,55,3543,5251,1763
"1441",89,14,55,65,3608,5306,1763
"1442",90,14,55,46,3654,5361,1753
"1443",91,14,64,47,3701,5425,1771
"1444",92,14,66,59,3760,5491,1790
"1445",93,14,54,62,3822,5545,1785
"1446",94,14,54,44,3866,5599,1777
"1447",95,14,77,52,3918,5676,1810
"1448",96,14,44,44,3962,5720,1802
"1449",97,14,60,54,4016,5780,1818
"1450",98,14,64,60,4076,5844,1828
"1451",99,14,60,57,4133,5904,1828
"1452",100,14,51,55,4188,5955,1822
"1453",101,14,51,58,4246,6006,1818
"1454",102,14,59,59,4305,6065,1819
"1455",103,14,64,58,4363,6129,1824
"1456",104,14,29,21,4384,6158,1795
"1457",1,15,51,2,2,51,NA
"1458",2,15,56,13,15,107,105
"1459",3,15,58,11,26,165,150
"1460",4,15,76,18,44,241,215
"1461",5,15,72,31,75,313,269
"1462",6,15,53,30,105,366,291
"1463",7,15,58,19,124,424,319
"1464",8,15,65,23,147,489,365
"1465",9,15,59,36,183,548,401
"1466",10,15,49,25,208,597,414
"1467",11,15,62,26,234,659,451
"1468",12,15,56,20,254,715,481
"1469",13,15,60,23,277,775,521
"1470",14,15,50,26,303,825,548
"1471",15,15,67,14,317,892,589
"1472",16,15,74,27,344,966,649
"1473",17,15,60,26,370,1026,682
"1474",18,15,64,47,417,1090,720
"1475",19,15,52,31,448,1142,725
"1476",20,15,70,31,479,1212,764
"1477",21,15,64,31,510,1276,797
"1478",22,15,51,38,548,1327,817
"1479",23,15,51,39,587,1378,830
"1480",24,15,69,28,615,1447,860
"1481",25,15,57,27,642,1504,889
"1482",26,15,64,23,665,1568,926
"1483",27,15,72,26,691,1640,975
"1484",28,15,71,35,726,1711,1020
"1485",29,15,51,44,770,1762,1036
"1486",30,15,55,33,803,1817,1047
"1487",31,15,62,32,835,1879,1076
"1488",32,15,62,38,873,1941,1106
"1489",33,15,57,41,914,1998,1125
"1490",34,15,56,46,960,2054,1140
"1491",35,15,60,40,1000,2114,1154
"1492",36,15,54,35,1035,2168,1168
"1493",37,15,55,45,1080,2223,1188
"1494",38,15,64,42,1122,2287,1207
"1495",39,15,57,52,1174,2344,1222
"1496",40,15,46,39,1213,2390,1216
"1497",41,15,54,37,1250,2444,1231
"1498",42,15,59,47,1297,2503,1253
"1499",43,15,50,54,1351,2553,1256
"1500",44,15,69,49,1400,2622,1271
"1501",45,15,59,43,1443,2681,1281
"1502",46,15,48,42,1485,2729,1286
"1503",47,15,51,53,1538,2780,1295
"1504",48,15,49,37,1575,2829,1291
"1505",49,15,63,36,1611,2892,1317
"1506",50,15,59,55,1666,2951,1340
"1507",51,15,67,36,1702,3018,1352
"1508",52,15,72,41,1743,3090,1388
"1509",53,15,60,39,1782,3150,1407
"1510",54,15,72,45,1827,3222,1440
"1511",55,15,58,38,1865,3280,1453
"1512",56,15,46,62,1927,3326,1461
"1513",57,15,79,29,1956,3405,1478
"1514",58,15,57,55,2011,3462,1506
"1515",59,15,56,36,2047,3518,1507
"1516",60,15,63,49,2096,3581,1534
"1517",61,15,55,46,2142,3636,1540
"1518",62,15,49,65,2207,3685,1543
"1519",63,15,73,44,2251,3758,1551
"1520",64,15,58,49,2300,3816,1565
"1521",65,15,59,59,2359,3875,1575
"1522",66,15,64,45,2404,3939,1580
"1523",67,15,52,45,2449,3991,1587
"1524",68,15,67,58,2507,4058,1609
"1525",69,15,68,49,2556,4126,1619
"1526",70,15,67,47,2603,4193,1637
"1527",71,15,60,62,2665,4253,1650
"1528",72,15,56,44,2709,4309,1644
"1529",73,15,60,44,2753,4369,1660
"1530",74,15,58,44,2797,4427,1674
"1531",75,15,61,63,2860,4488,1691
"1532",76,15,65,45,2905,4553,1693
"1533",77,15,66,54,2959,4619,1714
"1534",78,15,55,50,3009,4674,1715
"1535",79,15,43,38,3047,4717,1708
"1536",80,15,79,55,3102,4796,1749
"1537",81,15,46,59,3161,4842,1740
"1538",82,15,51,57,3218,4893,1732
"1539",83,15,54,46,3264,4947,1729
"1540",84,15,59,46,3310,5006,1742
"1541",85,15,54,48,3358,5060,1750
"1542",86,15,58,53,3411,5118,1760
"1543",87,15,56,54,3465,5174,1763
"1544",88,15,57,48,3513,5231,1766
"1545",89,15,66,50,3563,5297,1784
"1546",90,15,66,41,3604,5363,1800
"1547",91,15,60,56,3660,5423,1819
"1548",92,15,44,52,3712,5467,1807
"1549",93,15,75,59,3771,5542,1830
"1550",94,15,62,52,3823,5604,1833
"1551",95,15,51,44,3867,5655,1832
"1552",96,15,52,51,3918,5707,1840
"1553",97,15,72,54,3972,5779,1861
"1554",98,15,68,49,4021,5847,1875
"1555",99,15,56,70,4091,5903,1882
"1556",100,15,58,67,4158,5961,1870
"1557",101,15,63,78,4236,6024,1866
"1558",102,15,70,64,4300,6094,1858
"1559",103,15,57,47,4347,6151,1851
"1560",104,15,29,21,4368,6180,1833
"1561",1,16,52,2,2,52,NA
"1562",2,16,67,9,11,119,117
"1563",3,16,58,19,30,177,166
"1564",4,16,52,25,55,229,199
"1565",5,16,53,21,76,282,227
"1566",6,16,41,25,101,323,247
"1567",7,16,61,16,117,384,283
"1568",8,16,54,24,141,438,321
"1569",9,16,49,22,163,487,346
"1570",10,16,60,24,187,547,384
"1571",11,16,53,34,221,600,413
"1572",12,16,44,32,253,644,423
"1573",13,16,63,31,284,707,454
"1574",14,16,65,24,308,772,488
"1575",15,16,59,27,335,831,523
"1576",16,16,60,25,360,891,556
"1577",17,16,62,21,381,953,593
"1578",18,16,69,41,422,1022,641
"1579",19,16,60,31,453,1082,660
"1580",20,16,64,33,486,1146,693
"1581",21,16,75,32,518,1221,735
"1582",22,16,50,33,551,1271,753
"1583",23,16,59,29,580,1330,779
"1584",24,16,55,35,615,1385,805
"1585",25,16,44,26,641,1429,814
"1586",26,16,66,44,685,1495,854
"1587",27,16,53,45,730,1548,863
"1588",28,16,65,24,754,1613,883
"1589",29,16,60,35,789,1673,919
"1590",30,16,63,35,824,1736,947
"1591",31,16,58,38,862,1794,970
"1592",32,16,51,37,899,1845,983
"1593",33,16,57,31,930,1902,1003
"1594",34,16,58,38,968,1960,1030
"1595",35,16,58,43,1011,2018,1050
"1596",36,16,62,42,1053,2080,1069
"1597",37,16,58,40,1093,2138,1085
"1598",38,16,65,34,1127,2203,1110
"1599",39,16,66,31,1158,2269,1142
"1600",40,16,59,44,1202,2328,1170
"1601",41,16,71,43,1245,2399,1197
"1602",42,16,70,40,1285,2469,1224
"1603",43,16,59,42,1327,2528,1243
"1604",44,16,52,46,1373,2580,1253
"1605",45,16,67,39,1412,2647,1274
"1606",46,16,63,52,1464,2710,1298
"1607",47,16,46,45,1509,2756,1292
"1608",48,16,61,34,1543,2817,1308
"1609",49,16,56,39,1582,2873,1330
"1610",50,16,42,40,1622,2915,1333
"1611",51,16,66,34,1656,2981,1359
"1612",52,16,56,43,1699,3037,1381
"1613",53,16,62,44,1743,3099,1400
"1614",54,16,68,39,1782,3167,1424
"1615",55,16,51,46,1828,3218,1436
"1616",56,16,52,50,1878,3270,1442
"1617",57,16,58,46,1924,3328,1450
"1618",58,16,63,51,1975,3391,1467
"1619",59,16,53,51,2026,3444,1469
"1620",60,16,63,40,2066,3507,1481
"1621",61,16,72,51,2117,3579,1513
"1622",62,16,60,38,2155,3639,1522
"1623",63,16,55,50,2205,3694,1539
"1624",64,16,70,49,2254,3764,1559
"1625",65,16,65,45,2299,3829,1575
"1626",66,16,61,52,2351,3890,1591
"1627",67,16,60,51,2402,3950,1599
"1628",68,16,65,48,2450,4015,1613
"1629",69,16,77,52,2502,4092,1642
"1630",70,16,64,44,2546,4156,1654
"1631",71,16,67,39,2585,4223,1677
"1632",72,16,58,60,2645,4281,1696
"1633",73,16,64,52,2697,4345,1700
"1634",74,16,63,54,2751,4408,1711
"1635",75,16,55,57,2808,4463,1712
"1636",76,16,85,59,2867,4548,1740
"1637",77,16,50,41,2908,4598,1731
"1638",78,16,55,51,2959,4653,1745
"1639",79,16,54,53,3012,4707,1748
"1640",80,16,71,55,3067,4778,1766
"1641",81,16,55,51,3118,4833,1766
"1642",82,16,61,50,3168,4894,1776
"1643",83,16,77,47,3215,4971,1803
"1644",84,16,58,51,3266,5029,1814
"1645",85,16,69,62,3328,5098,1832
"1646",86,16,55,61,3389,5153,1825
"1647",87,16,54,54,3443,5207,1818
"1648",88,16,57,57,3500,5264,1821
"1649",89,16,62,55,3555,5326,1826
"1650",90,16,58,55,3610,5384,1829
"1651",91,16,67,55,3665,5451,1841
"1652",92,16,70,57,3722,5521,1856
"1653",93,16,71,60,3782,5592,1870
"1654",94,16,63,42,3824,5655,1873
"1655",95,16,52,60,3884,5707,1883
"1656",96,16,64,67,3951,5771,1887
"1657",97,16,61,67,4018,5832,1881
"1658",98,16,77,58,4076,5909,1891
"1659",99,16,75,63,4139,5984,1908
"1660",100,16,61,63,4202,6045,1906
"1661",101,16,63,59,4261,6108,1906
"1662",102,16,57,58,4319,6165,1904
"1663",103,16,52,63,4382,6217,1898
"1664",104,16,40,26,4408,6257,1875
"1665",1,17,63,5,5,63,NA
"1666",2,17,81,10,15,144,139
"1667",3,17,60,14,29,204,189
"1668",4,17,41,18,47,245,216
"1669",5,17,58,15,62,303,256
"1670",6,17,64,20,82,367,305
"1671",7,17,59,18,100,426,344
"1672",8,17,61,27,127,487,387
"1673",9,17,45,21,148,532,405
"1674",10,17,69,31,179,601,453
"1675",11,17,59,33,212,660,481
"1676",12,17,63,19,231,723,511
"1677",13,17,50,25,256,773,542
"1678",14,17,54,25,281,827,571
"1679",15,17,55,24,305,882,601
"1680",16,17,61,38,343,943,638
"1681",17,17,56,27,370,999,656
"1682",18,17,63,23,393,1062,692
"1683",19,17,71,30,423,1133,740
"1684",20,17,51,35,458,1184,761
"1685",21,17,53,34,492,1237,779
"1686",22,17,49,45,537,1286,794
"1687",23,17,58,39,576,1344,807
"1688",24,17,56,35,611,1400,824
"1689",25,17,56,36,647,1456,845
"1690",26,17,63,29,676,1519,872
"1691",27,17,60,25,701,1579,903
"1692",28,17,52,28,729,1631,930
"1693",29,17,60,26,755,1691,962
"1694",30,17,46,38,793,1737,982
"1695",31,17,57,34,827,1794,1001
"1696",32,17,57,43,870,1851,1024
"1697",33,17,59,30,900,1910,1040
"1698",34,17,45,35,935,1955,1055
"1699",35,17,61,42,977,2016,1081
"1700",36,17,53,46,1023,2069,1092
"1701",37,17,60,36,1059,2129,1106
"1702",38,17,69,55,1114,2198,1139
"1703",39,17,75,32,1146,2273,1159
"1704",40,17,58,36,1182,2331,1185
"1705",41,17,73,45,1227,2404,1222
"1706",42,17,73,42,1269,2477,1250
"1707",43,17,60,34,1303,2537,1268
"1708",44,17,51,47,1350,2588,1285
"1709",45,17,53,45,1395,2641,1291
"1710",46,17,63,49,1444,2704,1309
"1711",47,17,58,44,1488,2762,1318
"1712",48,17,62,42,1530,2824,1336
"1713",49,17,73,52,1582,2897,1367
"1714",50,17,51,51,1633,2948,1366
"1715",51,17,50,30,1663,2998,1365
"1716",52,17,48,35,1698,3046,1383
"1717",53,17,62,34,1732,3108,1410
"1718",54,17,50,47,1779,3158,1426
"1719",55,17,57,41,1820,3215,1436
"1720",56,17,51,56,1876,3266,1446
"1721",57,17,68,37,1913,3334,1458
"1722",58,17,62,47,1960,3396,1483
"1723",59,17,55,41,2001,3451,1491
"1724",60,17,60,40,2041,3511,1510
"1725",61,17,55,45,2086,3566,1525
"1726",62,17,62,54,2140,3628,1542
"1727",63,17,59,46,2186,3687,1547
"1728",64,17,54,53,2239,3741,1555
"1729",65,17,72,53,2292,3813,1574
"1730",66,17,75,47,2339,3888,1596
"1731",67,17,76,34,2373,3964,1625
"1732",68,17,68,55,2428,4032,1659
"1733",69,17,53,54,2482,4085,1657
"1734",70,17,52,56,2538,4137,1655
"1735",71,17,66,45,2583,4203,1665
"1736",72,17,44,43,2626,4247,1664
"1737",73,17,61,52,2678,4308,1682
"1738",74,17,56,52,2730,4364,1686
"1739",75,17,68,54,2784,4432,1702
"1740",76,17,58,55,2839,4490,1706
"1741",77,17,56,56,2895,4546,1707
"1742",78,17,61,57,2952,4607,1712
"1743",79,17,55,55,3007,4662,1710
"1744",80,17,58,38,3045,4720,1713
"1745",81,17,56,55,3100,4776,1731
"1746",82,17,63,47,3147,4839,1739
"1747",83,17,52,41,3188,4891,1744
"1748",84,17,65,47,3235,4956,1768
"1749",85,17,57,61,3296,5013,1778
"1750",86,17,64,54,3350,5077,1781
"1751",87,17,61,49,3399,5138,1788
"1752",88,17,51,56,3455,5189,1790
"1753",89,17,69,58,3513,5258,1803
"1754",90,17,53,75,3588,5311,1798
"1755",91,17,60,57,3645,5371,1783
"1756",92,17,54,49,3694,5425,1780
"1757",93,17,59,65,3759,5484,1790
"1758",94,17,54,51,3810,5538,1779
"1759",95,17,55,68,3878,5593,1783
"1760",96,17,52,51,3929,5645,1767
"1761",97,17,61,59,3988,5706,1777
"1762",98,17,53,52,4040,5759,1771
"1763",99,17,63,56,4096,5822,1782
"1764",100,17,50,41,4137,5872,1776
"1765",101,17,64,57,4194,5936,1799
"1766",102,17,65,54,4248,6001,1807
"1767",103,17,59,55,4303,6060,1812
"1768",104,17,29,29,4332,6089,1786
"1769",1,18,56,2,2,56,NA
"1770",2,18,64,7,9,120,118
"1771",3,18,74,15,24,194,185
"1772",4,18,45,11,35,239,215
"1773",5,18,71,24,59,310,275
"1774",6,18,61,28,87,371,312
"1775",7,18,69,26,113,440,353
"1776",8,18,61,14,127,501,388
"1777",9,18,56,38,165,557,430
"1778",10,18,54,35,200,611,446
"1779",11,18,54,35,235,665,465
"1780",12,18,66,27,262,731,496
"1781",13,18,59,22,284,790,528
"1782",14,18,65,26,310,855,571
"1783",15,18,57,42,352,912,602
"1784",16,18,59,30,382,971,619
"1785",17,18,57,36,418,1028,646
"1786",18,18,67,35,453,1095,677
"1787",19,18,44,36,489,1139,686
"1788",20,18,63,34,523,1202,713
"1789",21,18,50,34,557,1252,729
"1790",22,18,64,35,592,1316,759
"1791",23,18,62,34,626,1378,786
"1792",24,18,61,50,676,1439,813
"1793",25,18,71,36,712,1510,834
"1794",26,18,55,37,749,1565,853
"1795",27,18,67,34,783,1632,883
"1796",28,18,56,33,816,1688,905
"1797",29,18,56,33,849,1744,928
"1798",30,18,62,30,879,1806,957
"1799",31,18,78,36,915,1884,1005
"1800",32,18,46,27,942,1930,1015
"1801",33,18,59,35,977,1989,1047
"1802",34,18,59,37,1014,2048,1071
"1803",35,18,62,33,1047,2110,1096
"1804",36,18,42,36,1083,2152,1105
"1805",37,18,57,47,1130,2209,1126
"1806",38,18,64,31,1161,2273,1143
"1807",39,18,54,33,1194,2327,1166
"1808",40,18,64,34,1228,2391,1197
"1809",41,18,63,34,1262,2454,1226
"1810",42,18,44,43,1305,2498,1236
"1811",43,18,58,40,1345,2556,1251
"1812",44,18,68,38,1383,2624,1279
"1813",45,18,55,47,1430,2679,1296
"1814",46,18,59,58,1488,2738,1308
"1815",47,18,64,43,1531,2802,1314
"1816",48,18,65,55,1586,2867,1336
"1817",49,18,76,48,1634,2943,1357
"1818",50,18,56,44,1678,2999,1365
"1819",51,18,49,46,1724,3048,1370
"1820",52,18,59,48,1772,3107,1383
"1821",53,18,67,45,1817,3174,1402
"1822",54,18,67,47,1864,3241,1424
"1823",55,18,61,58,1922,3302,1438
"1824",56,18,62,55,1977,3364,1442
"1825",57,18,56,40,2017,3420,1443
"1826",58,18,45,39,2056,3465,1448
"1827",59,18,49,48,2104,3514,1458
"1828",60,18,68,35,2139,3582,1478
"1829",61,18,66,49,2188,3648,1509
"1830",62,18,63,44,2232,3711,1523
"1831",63,18,68,53,2285,3779,1547
"1832",64,18,66,62,2347,3845,1560
"1833",65,18,56,55,2402,3901,1554
"1834",66,18,51,49,2451,3952,1550
"1835",67,18,54,46,2497,4006,1555
"1836",68,18,67,40,2537,4073,1576
"1837",69,18,72,42,2579,4145,1608
"1838",70,18,62,48,2627,4207,1628
"1839",71,18,57,44,2671,4264,1637
"1840",72,18,68,48,2719,4332,1661
"1841",73,18,57,56,2775,4389,1670
"1842",74,18,45,53,2828,4434,1659
"1843",75,18,62,42,2870,4496,1668
"1844",76,18,73,40,2910,4569,1699
"1845",77,18,57,45,2955,4626,1716
"1846",78,18,64,40,2995,4690,1735
"1847",79,18,61,47,3042,4751,1756
"1848",80,18,51,58,3100,4802,1760
"1849",81,18,70,69,3169,4872,1772
"1850",82,18,60,63,3232,4932,1763
"1851",83,18,53,54,3286,4985,1753
"1852",84,18,78,58,3344,5063,1777
"1853",85,18,64,57,3401,5127,1783
"1854",86,18,54,52,3453,5181,1780
"1855",87,18,69,50,3503,5250,1797
"1856",88,18,64,58,3561,5314,1811
"1857",89,18,53,59,3620,5367,1806
"1858",90,18,66,54,3674,5433,1813
"1859",91,18,59,42,3716,5492,1818
"1860",92,18,65,52,3768,5557,1841
"1861",93,18,62,63,3831,5619,1851
"1862",94,18,43,52,3883,5662,1831
"1863",95,18,47,59,3942,5709,1826
"1864",96,18,60,59,4001,5769,1827
"1865",97,18,71,54,4055,5840,1839
"1866",98,18,52,60,4115,5892,1837
"1867",99,18,62,53,4168,5954,1839
"1868",100,18,69,64,4232,6023,1855
"1869",101,18,69,44,4276,6092,1860
"1870",102,18,60,64,4340,6152,1876
"1871",103,18,60,77,4417,6212,1872
"1872",104,18,30,27,4444,6242,1825
"1873",1,19,59,3,3,59,NA
"1874",2,19,72,6,9,131,128
"1875",3,19,84,15,24,215,206
"1876",4,19,51,13,37,266,242
"1877",5,19,67,18,55,333,296
"1878",6,19,71,23,78,404,349
"1879",7,19,64,23,101,468,390
"1880",8,19,55,19,120,523,422
"1881",9,19,51,24,144,574,454
"1882",10,19,68,22,166,642,498
"1883",11,19,57,29,195,699,533
"1884",12,19,69,30,225,768,573
"1885",13,19,52,26,251,820,595
"1886",14,19,63,25,276,883,632
"1887",15,19,59,42,318,942,666
"1888",16,19,60,27,345,1002,684
"1889",17,19,67,26,371,1069,724
"1890",18,19,69,31,402,1138,767
"1891",19,19,58,31,433,1196,794
"1892",20,19,63,28,461,1259,826
"1893",21,19,67,35,496,1326,865
"1894",22,19,54,38,534,1380,884
"1895",23,19,54,44,578,1434,900
"1896",24,19,55,40,618,1489,911
"1897",25,19,61,33,651,1550,932
"1898",26,19,57,34,685,1607,956
"1899",27,19,56,34,719,1663,978
"1900",28,19,61,41,760,1724,1005
"1901",29,19,55,36,796,1779,1019
"1902",30,19,66,42,838,1845,1049
"1903",31,19,55,33,871,1900,1062
"1904",32,19,67,33,904,1967,1096
"1905",33,19,43,37,941,2010,1106
"1906",34,19,56,36,977,2066,1125
"1907",35,19,84,39,1016,2150,1173
"1908",36,19,58,34,1050,2208,1192
"1909",37,19,52,43,1093,2260,1210
"1910",38,19,57,44,1137,2317,1224
"1911",39,19,54,46,1183,2371,1234
"1912",40,19,65,35,1218,2436,1253
"1913",41,19,70,44,1262,2506,1288
"1914",42,19,73,47,1309,2579,1317
"1915",43,19,71,48,1357,2650,1341
"1916",44,19,57,37,1394,2707,1350
"1917",45,19,59,48,1442,2766,1372
"1918",46,19,60,45,1487,2826,1384
"1919",47,19,53,41,1528,2879,1392
"1920",48,19,59,43,1571,2938,1410
"1921",49,19,65,47,1618,3003,1432
"1922",50,19,58,51,1669,3061,1443
"1923",51,19,52,48,1717,3113,1444
"1924",52,19,71,43,1760,3184,1467
"1925",53,19,55,48,1808,3239,1479
"1926",54,19,56,48,1856,3295,1487
"1927",55,19,72,45,1901,3367,1511
"1928",56,19,62,64,1965,3429,1528
"1929",57,19,50,46,2011,3479,1514
"1930",58,19,67,51,2062,3546,1535
"1931",59,19,60,37,2099,3606,1544
"1932",60,19,66,49,2148,3672,1573
"1933",61,19,51,51,2199,3723,1575
"1934",62,19,71,60,2259,3794,1595
"1935",63,19,68,37,2296,3862,1603
"1936",64,19,69,51,2347,3931,1635
"1937",65,19,55,55,2402,3986,1639
"1938",66,19,63,44,2446,4049,1647
"1939",67,19,54,46,2492,4103,1657
"1940",68,19,47,55,2547,4150,1658
"1941",69,19,64,48,2595,4214,1667
"1942",70,19,67,64,2659,4281,1686
"1943",71,19,65,45,2704,4346,1687
"1944",72,19,70,64,2768,4416,1712
"1945",73,19,46,51,2819,4462,1694
"1946",74,19,51,49,2868,4513,1694
"1947",75,19,63,73,2941,4576,1708
"1948",76,19,65,44,2985,4641,1700
"1949",77,19,66,49,3034,4707,1722
"1950",78,19,52,41,3075,4759,1725
"1951",79,19,71,54,3129,4830,1755
"1952",80,19,60,46,3175,4890,1761
"1953",81,19,60,65,3240,4950,1775
"1954",82,19,60,54,3294,5010,1770
"1955",83,19,51,48,3342,5061,1767
"1956",84,19,49,62,3404,5110,1768
"1957",85,19,52,55,3459,5162,1758
"1958",86,19,58,47,3506,5220,1761
"1959",87,19,56,63,3569,5276,1770
"1960",88,19,51,45,3614,5327,1758
"1961",89,19,65,60,3674,5392,1778
"1962",90,19,68,63,3737,5460,1786
"1963",91,19,58,58,3795,5518,1781
"1964",92,19,51,53,3848,5569,1774
"1965",93,19,64,47,3895,5633,1785
"1966",94,19,56,66,3961,5689,1794
"1967",95,19,46,63,4024,5735,1774
"1968",96,19,48,49,4073,5783,1759
"1969",97,19,44,63,4136,5827,1754
"1970",98,19,62,50,4186,5889,1753
"1971",99,19,68,46,4232,5957,1771
"1972",100,19,74,53,4285,6031,1799
"1973",101,19,62,38,4323,6093,1808
"1974",102,19,49,51,4374,6142,1819
"1975",103,19,51,46,4420,6193,1819
"1976",104,19,20,29,4449,6213,1793
"1977",1,20,64,3,3,64,NA
"1978",2,20,62,6,9,126,123
"1979",3,20,59,21,30,185,176
"1980",4,20,54,19,49,239,209
"1981",5,20,53,18,67,292,243
"1982",6,20,76,16,83,368,301
"1983",7,20,68,34,117,436,353
"1984",8,20,58,16,133,494,377
"1985",9,20,57,28,161,551,418
"1986",10,20,71,22,183,622,461
"1987",11,20,59,29,212,681,498
"1988",12,20,55,34,246,736,524
"1989",13,20,55,24,270,791,545
"1990",14,20,61,35,305,852,582
"1991",15,20,53,27,332,905,600
"1992",16,20,64,32,364,969,637
"1993",17,20,55,29,393,1024,660
"1994",18,20,46,35,428,1070,677
"1995",19,20,61,21,449,1131,703
"1996",20,20,42,37,486,1173,724
"1997",21,20,57,36,522,1230,744
"1998",22,20,52,43,565,1282,760
"1999",23,20,50,25,590,1332,767
"2000",24,20,57,36,626,1389,799
"2001",25,20,61,33,659,1450,824
"2002",26,20,60,32,691,1510,851
"2003",27,20,73,31,722,1583,892
"2004",28,20,55,34,756,1638,916
"2005",29,20,56,32,788,1694,938
"2006",30,20,62,34,822,1756,968
"2007",31,20,62,25,847,1818,996
"2008",32,20,51,40,887,1869,1022
"2009",33,20,60,40,927,1929,1042
"2010",34,20,59,45,972,1988,1061
"2011",35,20,56,44,1016,2044,1072
"2012",36,20,58,39,1055,2102,1086
"2013",37,20,68,43,1098,2170,1115
"2014",38,20,59,38,1136,2229,1131
"2015",39,20,67,31,1167,2296,1160
"2016",40,20,59,32,1199,2355,1188
"2017",41,20,64,40,1239,2419,1220
"2018",42,20,54,39,1278,2473,1234
"2019",43,20,51,48,1326,2524,1246
"2020",44,20,58,50,1376,2582,1256
"2021",45,20,47,52,1428,2629,1253
"2022",46,20,68,45,1473,2697,1269
"2023",47,20,60,36,1509,2757,1284
"2024",48,20,60,36,1545,2817,1308
"2025",49,20,55,49,1594,2872,1327
"2026",50,20,69,35,1629,2941,1347
"2027",51,20,47,60,1689,2988,1359
"2028",52,20,62,49,1738,3050,1361
"2029",53,20,62,42,1780,3112,1374
"2030",54,20,55,42,1822,3167,1387
"2031",55,20,54,47,1869,3221,1399
"2032",56,20,61,51,1920,3282,1413
"2033",57,20,43,52,1972,3325,1405
"2034",58,20,49,44,2016,3374,1402
"2035",59,20,44,46,2062,3418,1402
"2036",60,20,65,45,2107,3483,1421
"2037",61,20,49,41,2148,3532,1425
"2038",62,20,64,51,2199,3596,1448
"2039",63,20,42,47,2246,3638,1439
"2040",64,20,65,58,2304,3703,1457
"2041",65,20,52,41,2345,3755,1451
"2042",66,20,64,44,2389,3819,1474
"2043",67,20,72,56,2445,3891,1502
"2044",68,20,67,46,2491,3958,1513
"2045",69,20,59,45,2536,4017,1526
"2046",70,20,56,47,2583,4073,1537
"2047",71,20,70,41,2624,4143,1560
"2048",72,20,57,48,2672,4200,1576
"2049",73,20,60,48,2720,4260,1588
"2050",74,20,69,53,2773,4329,1609
"2051",75,20,51,58,2831,4380,1607
"2052",76,20,59,46,2877,4439,1608
"2053",77,20,56,53,2930,4495,1618
"2054",78,20,64,51,2981,4559,1629
"2055",79,20,60,50,3031,4619,1638
"2056",80,20,47,61,3092,4666,1635
"2057",81,20,52,50,3142,4718,1626
"2058",82,20,64,55,3197,4782,1640
"2059",83,20,47,48,3245,4829,1632
"2060",84,20,56,42,3287,4885,1640
"2061",85,20,68,55,3342,4953,1666
"2062",86,20,67,44,3386,5020,1678
"2063",87,20,57,40,3426,5077,1691
"2064",88,20,60,54,3480,5137,1711
"2065",89,20,50,65,3545,5187,1707
"2066",90,20,56,48,3593,5243,1698
"2067",91,20,62,40,3633,5305,1712
"2068",92,20,57,63,3696,5362,1729
"2069",93,20,62,47,3743,5424,1728
"2070",94,20,57,48,3791,5481,1738
"2071",95,20,61,48,3839,5542,1751
"2072",96,20,59,60,3899,5601,1762
"2073",97,20,56,51,3950,5657,1758
"2074",98,20,60,44,3994,5717,1767
"2075",99,20,64,45,4039,5781,1787
"2076",100,20,42,60,4099,5823,1784
"2077",101,20,60,64,4163,5883,1784
"2078",102,20,79,56,4219,5962,1799
"2079",103,20,62,56,4275,6024,1805
"2080",104,20,32,27,4302,6056,1781
"2081",1,21,65,5,5,65,NA
"2082",2,21,64,8,13,129,124
"2083",3,21,66,13,26,195,182
"2084",4,21,66,21,47,261,235
"2085",5,21,75,28,75,336,289
"2086",6,21,50,18,93,386,311
"2087",7,21,65,22,115,451,358
"2088",8,21,74,28,143,525,410
"2089",9,21,69,31,174,594,451
"2090",10,21,56,36,210,650,476
"2091",11,21,59,26,236,709,499
"2092",12,21,60,26,262,769,533
"2093",13,21,52,27,289,821,559
"2094",14,21,53,34,323,874,585
"2095",15,21,64,27,350,938,615
"2096",16,21,60,37,387,998,648
"2097",17,21,61,26,413,1059,672
"2098",18,21,55,28,441,1114,701
"2099",19,21,72,42,483,1186,745
"2100",20,21,66,36,519,1252,769
"2101",21,21,61,28,547,1313,794
"2102",22,21,59,41,588,1372,825
"2103",23,21,55,21,609,1427,839
"2104",24,21,66,26,635,1493,884
"2105",25,21,64,32,667,1557,922
"2106",26,21,60,40,707,1617,950
"2107",27,21,64,25,732,1681,974
"2108",28,21,61,35,767,1742,1010
"2109",29,21,49,34,801,1791,1024
"2110",30,21,63,39,840,1854,1053
"2111",31,21,54,33,873,1908,1068
"2112",32,21,68,36,909,1976,1103
"2113",33,21,57,44,953,2033,1124
"2114",34,21,66,49,1002,2099,1146
"2115",35,21,59,36,1038,2158,1156
"2116",36,21,58,33,1071,2216,1178
"2117",37,21,61,39,1110,2277,1206
"2118",38,21,54,37,1147,2331,1221
"2119",39,21,70,33,1180,2401,1254
"2120",40,21,74,35,1215,2475,1295
"2121",41,21,56,35,1250,2531,1316
"2122",42,21,69,33,1283,2600,1350
"2123",43,21,57,36,1319,2657,1374
"2124",44,21,59,36,1355,2716,1397
"2125",45,21,67,38,1393,2783,1428
"2126",46,21,61,42,1435,2844,1451
"2127",47,21,44,50,1485,2888,1453
"2128",48,21,55,45,1530,2943,1458
"2129",49,21,57,34,1564,3000,1470
"2130",50,21,64,53,1617,3064,1500
"2131",51,21,60,54,1671,3124,1507
"2132",52,21,55,53,1724,3179,1508
"2133",53,21,58,45,1769,3237,1513
"2134",54,21,46,48,1817,3283,1514
"2135",55,21,62,46,1863,3345,1528
"2136",56,21,60,64,1927,3405,1542
"2137",57,21,59,38,1965,3464,1537
"2138",58,21,55,53,2018,3519,1554
"2139",59,21,53,50,2068,3572,1554
"2140",60,21,62,50,2118,3634,1566
"2141",61,21,54,40,2158,3688,1570
"2142",62,21,64,50,2208,3752,1594
"2143",63,21,54,58,2266,3806,1598
"2144",64,21,54,42,2308,3860,1594
"2145",65,21,56,42,2350,3916,1608
"2146",66,21,57,49,2399,3973,1623
"2147",67,21,68,53,2452,4041,1642
"2148",68,21,66,57,2509,4107,1655
"2149",69,21,59,61,2570,4166,1657
"2150",70,21,53,41,2611,4219,1649
"2151",71,21,66,45,2656,4285,1674
"2152",72,21,61,52,2708,4346,1690
"2153",73,21,53,54,2762,4399,1691
"2154",74,21,55,47,2809,4454,1692
"2155",75,21,53,46,2855,4507,1698
"2156",76,21,65,49,2904,4572,1717
"2157",77,21,55,64,2968,4627,1723
"2158",78,21,61,50,3018,4688,1720
"2159",79,21,45,56,3074,4733,1715
"2160",80,21,50,52,3126,4783,1709
"2161",81,21,53,54,3180,4836,1710
"2162",82,21,60,46,3226,4896,1716
"2163",83,21,55,46,3272,4951,1725
"2164",84,21,57,44,3316,5008,1736
"2165",85,21,58,67,3383,5066,1750
"2166",86,21,69,57,3440,5135,1752
"2167",87,21,59,65,3505,5194,1754
"2168",88,21,69,45,3550,5263,1758
"2169",89,21,53,59,3609,5316,1766
"2170",90,21,49,63,3672,5365,1756
"2171",91,21,79,56,3728,5444,1772
"2172",92,21,61,66,3794,5505,1777
"2173",93,21,52,46,3840,5557,1763
"2174",94,21,52,49,3889,5609,1769
"2175",95,21,66,56,3945,5675,1786
"2176",96,21,62,56,4001,5737,1792
"2177",97,21,61,62,4063,5798,1797
"2178",98,21,67,55,4118,5865,1802
"2179",99,21,61,68,4186,5926,1808
"2180",100,21,53,67,4253,5979,1793
"2181",101,21,62,56,4309,6041,1788
"2182",102,21,64,42,4351,6105,1796
"2183",103,21,62,51,4402,6167,1816
"2184",104,21,24,24,4426,6191,1789
"2185",1,22,49,3,3,49,NA
"2186",2,22,62,3,6,111,108
"2187",3,22,53,16,22,164,158
"2188",4,22,56,11,33,220,198
"2189",5,22,64,20,53,284,251
"2190",6,22,62,32,85,346,293
"2191",7,22,56,18,103,402,317
"2192",8,22,64,31,134,466,363
"2193",9,22,67,24,158,533,399
"2194",10,22,64,24,182,597,439
"2195",11,22,59,24,206,656,474
"2196",12,22,58,34,240,714,508
"2197",13,22,52,30,270,766,526
"2198",14,22,55,25,295,821,551
"2199",15,22,50,36,331,871,576
"2200",16,22,58,19,350,929,598
"2201",17,22,67,30,380,996,646
"2202",18,22,48,22,402,1044,664
"2203",19,22,64,30,432,1108,706
"2204",20,22,55,38,470,1163,731
"2205",21,22,51,35,505,1214,744
"2206",22,22,65,29,534,1279,774
"2207",23,22,71,32,566,1350,816
"2208",24,22,59,23,589,1409,843
"2209",25,22,57,27,616,1466,877
"2210",26,22,61,43,659,1527,911
"2211",27,22,47,44,703,1574,915
"2212",28,22,52,27,730,1626,923
"2213",29,22,57,36,766,1683,953
"2214",30,22,48,29,795,1731,965
"2215",31,22,58,39,834,1789,994
"2216",32,22,70,30,864,1859,1025
"2217",33,22,58,26,890,1917,1053
"2218",34,22,72,50,940,1989,1099
"2219",35,22,59,43,983,2048,1108
"2220",36,22,56,47,1030,2104,1121
"2221",37,22,60,37,1067,2164,1134
"2222",38,22,57,38,1105,2221,1154
"2223",39,22,62,39,1144,2283,1178
"2224",40,22,58,42,1186,2341,1197
"2225",41,22,52,40,1226,2393,1207
"2226",42,22,67,38,1264,2460,1234
"2227",43,22,51,24,1288,2511,1247
"2228",44,22,58,54,1342,2569,1281
"2229",45,22,60,31,1373,2629,1287
"2230",46,22,41,32,1405,2670,1297
"2231",47,22,54,46,1451,2724,1319
"2232",48,22,44,49,1500,2768,1317
"2233",49,22,60,50,1550,2828,1328
"2234",50,22,68,43,1593,2896,1346
"2235",51,22,54,45,1638,2950,1357
"2236",52,22,71,38,1676,3021,1383
"2237",53,22,54,52,1728,3075,1399
"2238",54,22,69,40,1768,3144,1416
"2239",55,22,65,51,1819,3209,1441
"2240",56,22,55,45,1864,3264,1445
"2241",57,22,79,48,1912,3343,1479
"2242",58,22,53,50,1962,3396,1484
"2243",59,22,69,49,2011,3465,1503
"2244",60,22,54,41,2052,3519,1508
"2245",61,22,64,48,2100,3583,1531
"2246",62,22,55,48,2148,3638,1538
"2247",63,22,59,45,2193,3697,1549
"2248",64,22,65,59,2252,3762,1569
"2249",65,22,44,45,2297,3806,1554
"2250",66,22,68,34,2331,3874,1577
"2251",67,22,60,47,2378,3934,1603
"2252",68,22,70,53,2431,4004,1626
"2253",69,22,60,49,2480,4064,1633
"2254",70,22,61,53,2533,4125,1645
"2255",71,22,58,50,2583,4183,1650
"2256",72,22,64,52,2635,4247,1664
"2257",73,22,65,39,2674,4312,1677
"2258",74,22,61,51,2725,4373,1699
"2259",75,22,50,65,2790,4423,1698
"2260",76,22,49,59,2849,4472,1682
"2261",77,22,59,58,2907,4531,1682
"2262",78,22,69,50,2957,4600,1693
"2263",79,22,60,52,3009,4660,1703
"2264",80,22,67,45,3054,4727,1718
"2265",81,22,53,54,3108,4780,1726
"2266",82,22,57,35,3143,4837,1729
"2267",83,22,67,56,3199,4904,1761
"2268",84,22,38,67,3266,4942,1743
"2269",85,22,57,45,3311,4999,1733
"2270",86,22,61,50,3361,5060,1749
"2271",87,22,56,65,3426,5116,1755
"2272",88,22,62,55,3481,5178,1752
"2273",89,22,60,65,3546,5238,1757
"2274",90,22,66,64,3610,5304,1758
"2275",91,22,60,49,3659,5364,1754
"2276",92,22,72,56,3715,5436,1777
"2277",93,22,69,43,3758,5505,1790
"2278",94,22,53,55,3813,5558,1800
"2279",95,22,65,52,3865,5623,1810
"2280",96,22,69,50,3915,5692,1827
"2281",97,22,68,50,3965,5760,1845
"2282",98,22,69,73,4038,5829,1864
"2283",99,22,57,55,4093,5886,1848
"2284",100,22,64,53,4146,5950,1857
"2285",101,22,53,68,4214,6003,1857
"2286",102,22,39,55,4269,6042,1828
"2287",103,22,71,59,4328,6113,1844
"2288",104,22,31,24,4352,6144,1816
"2289",1,23,57,3,3,57,NA
"2290",2,23,66,7,10,123,120
"2291",3,23,65,13,23,188,178
"2292",4,23,67,25,48,255,232
"2293",5,23,46,15,63,301,253
"2294",6,23,58,32,95,359,296
"2295",7,23,59,27,122,418,323
"2296",8,23,51,18,140,469,347
"2297",9,23,68,26,166,537,397
"2298",10,23,66,21,187,603,437
"2299",11,23,54,36,223,657,470
"2300",12,23,63,25,248,720,497
"2301",13,23,63,21,269,783,535
"2302",14,23,62,30,299,845,576
"2303",15,23,68,24,323,913,614
"2304",16,23,62,34,357,975,652
"2305",17,23,65,23,380,1040,683
"2306",18,23,55,36,416,1095,715
"2307",19,23,62,29,445,1157,741
"2308",20,23,59,36,481,1216,771
"2309",21,23,72,47,528,1288,807
"2310",22,23,62,31,559,1350,822
"2311",23,23,47,31,590,1397,838
"2312",24,23,56,29,619,1453,863
"2313",25,23,57,33,652,1510,891
"2314",26,23,61,31,683,1571,919
"2315",27,23,43,38,721,1614,931
"2316",28,23,47,41,762,1661,940
"2317",29,23,66,33,795,1727,965
"2318",30,23,64,42,837,1791,996
"2319",31,23,72,28,865,1863,1026
"2320",32,23,63,37,902,1926,1061
"2321",33,23,68,32,934,1994,1092
"2322",34,23,56,40,974,2050,1116
"2323",35,23,67,41,1015,2117,1143
"2324",36,23,49,41,1056,2166,1151
"2325",37,23,59,34,1090,2225,1169
"2326",38,23,50,46,1136,2275,1185
"2327",39,23,62,46,1182,2337,1201
"2328",40,23,70,48,1230,2407,1225
"2329",41,23,73,30,1260,2480,1250
"2330",42,23,57,50,1310,2537,1277
"2331",43,23,69,39,1349,2606,1296
"2332",44,23,52,33,1382,2658,1309
"2333",45,23,65,45,1427,2723,1341
"2334",46,23,52,47,1474,2775,1348
"2335",47,23,59,32,1506,2834,1360
"2336",48,23,60,47,1553,2894,1388
"2337",49,23,49,50,1603,2943,1390
"2338",50,23,54,46,1649,2997,1394
"2339",51,23,68,47,1696,3065,1416
"2340",52,23,60,51,1747,3125,1429
"2341",53,23,59,49,1796,3184,1437
"2342",54,23,65,44,1840,3249,1453
"2343",55,23,51,38,1878,3300,1460
"2344",56,23,63,42,1920,3363,1485
"2345",57,23,61,52,1972,3424,1504
"2346",58,23,59,54,2026,3483,1511
"2347",59,23,61,51,2077,3544,1518
"2348",60,23,61,46,2123,3605,1528
"2349",61,23,53,51,2174,3658,1535
"2350",62,23,52,56,2230,3710,1536
"2351",63,23,56,39,2269,3766,1536
"2352",64,23,61,48,2317,3827,1558
"2353",65,23,54,51,2368,3881,1564
"2354",66,23,72,52,2420,3953,1585
"2355",67,23,63,59,2479,4016,1596
"2356",68,23,62,55,2534,4078,1599
"2357",69,23,59,41,2575,4137,1603
"2358",70,23,73,49,2624,4210,1635
"2359",71,23,60,55,2679,4270,1646
"2360",72,23,68,41,2720,4338,1659
"2361",73,23,58,51,2771,4396,1676
"2362",74,23,73,44,2815,4469,1698
"2363",75,23,68,59,2874,4537,1722
"2364",76,23,53,62,2936,4590,1716
"2365",77,23,55,40,2976,4645,1709
"2366",78,23,65,51,3027,4710,1734
"2367",79,23,56,49,3076,4766,1739
"2368",80,23,50,44,3120,4816,1740
"2369",81,23,74,53,3173,4890,1770
"2370",82,23,69,50,3223,4959,1786
"2371",83,23,58,48,3271,5017,1794
"2372",84,23,58,52,3323,5075,1804
"2373",85,23,50,64,3387,5125,1802
"2374",86,23,58,53,3440,5183,1796
"2375",87,23,52,45,3485,5235,1795
"2376",88,23,49,51,3536,5284,1799
"2377",89,23,62,56,3592,5346,1810
"2378",90,23,73,63,3655,5419,1827
"2379",91,23,70,70,3725,5489,1834
"2380",92,23,48,48,3773,5537,1812
"2381",93,23,66,64,3837,5603,1830
"2382",94,23,53,50,3887,5656,1819
"2383",95,23,56,67,3954,5712,1825
"2384",96,23,79,51,4005,5791,1837
"2385",97,23,64,51,4056,5855,1850
"2386",98,23,45,53,4109,5900,1844
"2387",99,23,58,51,4160,5958,1849
"2388",100,23,56,48,4208,6014,1854
"2389",101,23,51,49,4257,6065,1857
"2390",102,23,67,52,4309,6132,1875
"2391",103,23,63,65,4374,6195,1886
"2392",104,23,26,16,4390,6221,1847
"2393",1,24,66,5,5,66,NA
"2394",2,24,49,6,11,115,110
"2395",3,24,71,18,29,186,175
"2396",4,24,72,20,49,258,229
"2397",5,24,52,21,70,310,261
"2398",6,24,74,36,106,384,314
"2399",7,24,58,18,124,442,336
"2400",8,24,53,28,152,495,371
"2401",9,24,49,21,173,544,392
"2402",10,24,55,24,197,599,426
"2403",11,24,61,17,214,660,463
"2404",12,24,64,31,245,724,510
"2405",13,24,67,27,272,791,546
"2406",14,24,45,33,305,836,564
"2407",15,24,62,30,335,898,593
"2408",16,24,55,40,375,953,618
"2409",17,24,57,40,415,1010,635
"2410",18,24,61,26,441,1071,656
"2411",19,24,63,29,470,1134,693
"2412",20,24,49,25,495,1183,713
"2413",21,24,57,26,521,1240,745
"2414",22,24,56,27,548,1296,775
"2415",23,24,56,36,584,1352,804
"2416",24,24,59,27,611,1411,827
"2417",25,24,57,32,643,1468,857
"2418",26,24,66,38,681,1534,891
"2419",27,24,66,32,713,1600,919
"2420",28,24,63,33,746,1663,950
"2421",29,24,58,30,776,1721,975
"2422",30,24,57,39,815,1778,1002
"2423",31,24,62,38,853,1840,1025
"2424",32,24,72,31,884,1912,1059
"2425",33,24,65,40,924,1977,1093
"2426",34,24,64,30,954,2041,1117
"2427",35,24,74,48,1002,2115,1161
"2428",36,24,57,44,1046,2172,1170
"2429",37,24,64,39,1085,2236,1190
"2430",38,24,54,36,1121,2290,1205
"2431",39,24,60,41,1162,2350,1229
"2432",40,24,50,43,1205,2400,1238
"2433",41,24,59,32,1237,2459,1254
"2434",42,24,53,44,1281,2512,1275
"2435",43,24,54,38,1319,2566,1285
"2436",44,24,65,41,1360,2631,1312
"2437",45,24,71,50,1410,2702,1342
"2438",46,24,63,41,1451,2765,1355
"2439",47,24,61,53,1504,2826,1375
"2440",48,24,50,45,1549,2876,1372
"2441",49,24,57,46,1595,2933,1384
"2442",50,24,55,44,1639,2988,1393
"2443",51,24,61,36,1675,3049,1410
"2444",52,24,56,41,1716,3105,1430
"2445",53,24,44,33,1749,3149,1433
"2446",54,24,52,48,1797,3201,1452
"2447",55,24,50,58,1855,3251,1454
"2448",56,24,56,42,1897,3307,1452
"2449",57,24,57,50,1947,3364,1467
"2450",58,24,54,49,1996,3418,1471
"2451",59,24,62,46,2042,3480,1484
"2452",60,24,63,54,2096,3543,1501
"2453",61,24,65,52,2148,3608,1512
"2454",62,24,65,50,2198,3673,1525
"2455",63,24,60,48,2246,3733,1535
"2456",64,24,59,45,2291,3792,1546
"2457",65,24,52,57,2348,3844,1553
"2458",66,24,64,59,2407,3908,1560
"2459",67,24,60,65,2472,3968,1561
"2460",68,24,81,49,2521,4049,1577
"2461",69,24,63,46,2567,4112,1591
"2462",70,24,72,50,2617,4184,1617
"2463",71,24,60,46,2663,4244,1627
"2464",72,24,67,61,2724,4311,1648
"2465",73,24,50,63,2787,4361,1637
"2466",74,24,59,57,2844,4420,1633
"2467",75,24,59,53,2897,4479,1635
"2468",76,24,52,42,2939,4531,1634
"2469",77,24,67,44,2983,4598,1659
"2470",78,24,63,52,3035,4661,1678
"2471",79,24,61,51,3086,4722,1687
"2472",80,24,66,52,3138,4788,1702
"2473",81,24,59,64,3202,4847,1709
"2474",82,24,60,45,3247,4907,1705
"2475",83,24,63,51,3298,4970,1723
"2476",84,24,58,51,3349,5028,1730
"2477",85,24,63,47,3396,5091,1742
"2478",86,24,56,54,3450,5147,1751
"2479",87,24,74,56,3506,5221,1771
"2480",88,24,56,58,3564,5277,1771
"2481",89,24,53,61,3625,5330,1766
"2482",90,24,73,45,3670,5403,1778
"2483",91,24,67,53,3723,5470,1800
"2484",92,24,59,55,3778,5529,1806
"2485",93,24,55,52,3830,5584,1806
"2486",94,24,60,55,3885,5644,1814
"2487",95,24,60,61,3946,5704,1819
"2488",96,24,53,45,3991,5757,1811
"2489",97,24,73,54,4045,5830,1839
"2490",98,24,55,53,4098,5885,1840
"2491",99,24,64,51,4149,5949,1851
"2492",100,24,64,62,4211,6013,1864
"2493",101,24,46,68,4279,6059,1848
"2494",102,24,57,57,4336,6116,1837
"2495",103,24,57,59,4395,6173,1837
"2496",104,24,29,25,4420,6202,1807
"2497",1,25,51,2,2,51,NA
"2498",2,25,56,10,12,107,105
"2499",3,25,63,12,24,170,158
"2500",4,25,46,11,35,216,192
"2501",5,25,64,15,50,280,245
"2502",6,25,56,34,84,336,286
"2503",7,25,48,27,111,384,300
"2504",8,25,45,29,140,429,318
"2505",9,25,59,24,164,488,348
"2506",10,25,52,32,196,540,376
"2507",11,25,46,22,218,586,390
"2508",12,25,76,36,254,662,444
"2509",13,25,66,22,276,728,474
"2510",14,25,63,19,295,791,515
"2511",15,25,69,27,322,860,565
"2512",16,25,62,22,344,922,600
"2513",17,25,52,24,368,974,630
"2514",18,25,49,29,397,1023,655
"2515",19,25,46,47,444,1069,672
"2516",20,25,69,26,470,1138,694
"2517",21,25,52,33,503,1190,720
"2518",22,25,50,44,547,1240,737
"2519",23,25,54,29,576,1294,747
"2520",24,25,49,37,613,1343,767
"2521",25,25,60,32,645,1403,790
"2522",26,25,52,35,680,1455,810
"2523",27,25,65,38,718,1520,840
"2524",28,25,61,35,753,1581,863
"2525",29,25,54,36,789,1635,882
"2526",30,25,49,25,814,1684,895
"2527",31,25,54,33,847,1738,924
"2528",32,25,70,34,881,1808,961
"2529",33,25,65,33,914,1873,992
"2530",34,25,61,31,945,1934,1020
"2531",35,25,55,46,991,1989,1044
"2532",36,25,62,36,1027,2051,1060
"2533",37,25,65,37,1064,2116,1089
"2534",38,25,68,33,1097,2184,1120
"2535",39,25,70,42,1139,2254,1157
"2536",40,25,54,40,1179,2308,1169
"2537",41,25,50,41,1220,2358,1179
"2538",42,25,53,37,1257,2411,1191
"2539",43,25,78,41,1298,2489,1232
"2540",44,25,63,42,1340,2552,1254
"2541",45,25,84,55,1395,2636,1296
"2542",46,25,45,43,1438,2681,1286
"2543",47,25,63,35,1473,2744,1306
"2544",48,25,57,40,1513,2801,1328
"2545",49,25,69,45,1558,2870,1357
"2546",50,25,55,48,1606,2925,1367
"2547",51,25,60,49,1655,2985,1379
"2548",52,25,58,47,1702,3043,1388
"2549",53,25,71,39,1741,3114,1412
"2550",54,25,60,38,1779,3174,1433
"2551",55,25,55,43,1822,3229,1450
"2552",56,25,53,55,1877,3282,1460
"2553",57,25,65,53,1930,3347,1470
"2554",58,25,73,50,1980,3420,1490
"2555",59,25,60,44,2024,3480,1500
"2556",60,25,67,55,2079,3547,1523
"2557",61,25,65,52,2131,3612,1533
"2558",62,25,62,42,2173,3674,1543
"2559",63,25,39,40,2213,3713,1540
"2560",64,25,51,51,2264,3764,1551
"2561",65,25,60,49,2313,3824,1560
"2562",66,25,64,53,2366,3888,1575
"2563",67,25,66,39,2405,3954,1588
"2564",68,25,62,58,2463,4016,1611
"2565",69,25,61,53,2516,4077,1614
"2566",70,25,73,45,2561,4150,1634
"2567",71,25,61,53,2614,4211,1650
"2568",72,25,70,45,2659,4281,1667
"2569",73,25,76,64,2723,4357,1698
"2570",74,25,68,50,2773,4425,1702
"2571",75,25,66,36,2809,4491,1718
"2572",76,25,58,44,2853,4549,1740
"2573",77,25,55,54,2907,4604,1751
"2574",78,25,61,32,2939,4665,1758
"2575",79,25,59,59,2998,4724,1785
"2576",80,25,77,44,3042,4801,1803
"2577",81,25,57,32,3074,4858,1816
"2578",82,25,47,52,3126,4905,1831
"2579",83,25,70,61,3187,4975,1849
"2580",84,25,70,48,3235,5045,1858
"2581",85,25,50,52,3287,5095,1860
"2582",86,25,60,45,3332,5155,1868
"2583",87,25,62,61,3393,5217,1885
"2584",88,25,69,45,3438,5286,1893
"2585",89,25,63,56,3494,5349,1911
"2586",90,25,44,51,3545,5393,1899
"2587",91,25,54,63,3608,5447,1902
"2588",92,25,59,67,3675,5506,1898
"2589",93,25,58,51,3726,5564,1889
"2590",94,25,57,70,3796,5621,1895
"2591",95,25,60,49,3845,5681,1885
"2592",96,25,54,58,3903,5735,1890
"2593",97,25,63,55,3958,5798,1895
"2594",98,25,55,50,4008,5853,1895
"2595",99,25,75,58,4066,5928,1920
"2596",100,25,60,74,4140,5988,1922
"2597",101,25,61,66,4206,6049,1909
"2598",102,25,65,56,4262,6114,1908
"2599",103,25,57,61,4323,6171,1909
"2600",104,25,25,30,4353,6196,1873
"2601",1,26,64,3,3,64,NA
"2602",2,26,65,3,6,129,126
"2603",3,26,64,15,21,193,187
"2604",4,26,63,22,43,256,235
"2605",5,26,67,31,74,323,280
"2606",6,26,61,17,91,384,310
"2607",7,26,62,26,117,446,355
"2608",8,26,63,22,139,509,392
"2609",9,26,74,14,153,583,444
"2610",10,26,72,24,177,655,502
"2611",11,26,61,28,205,716,539
"2612",12,26,52,35,240,768,563
"2613",13,26,72,36,276,840,600
"2614",14,26,50,43,319,890,614
"2615",15,26,57,49,368,947,628
"2616",16,26,64,31,399,1011,643
"2617",17,26,48,35,434,1059,660
"2618",18,26,58,30,464,1117,683
"2619",19,26,64,31,495,1181,717
"2620",20,26,62,45,540,1243,748
"2621",21,26,66,39,579,1309,769
"2622",22,26,71,34,613,1380,801
"2623",23,26,47,28,641,1427,814
"2624",24,26,64,33,674,1491,850
"2625",25,26,66,27,701,1557,883
"2626",26,26,53,43,744,1610,909
"2627",27,26,62,45,789,1672,928
"2628",28,26,68,34,823,1740,951
"2629",29,26,56,27,850,1796,973
"2630",30,26,59,36,886,1855,1005
"2631",31,26,54,36,922,1909,1023
"2632",32,26,65,34,956,1974,1052
"2633",33,26,63,39,995,2037,1081
"2634",34,26,49,36,1031,2086,1091
"2635",35,26,60,40,1071,2146,1115
"2636",36,26,52,41,1112,2198,1127
"2637",37,26,58,27,1139,2256,1144
"2638",38,26,68,54,1193,2324,1185
"2639",39,26,53,38,1231,2377,1184
"2640",40,26,49,35,1266,2426,1195
"2641",41,26,64,40,1306,2490,1224
"2642",42,26,46,39,1345,2536,1230
"2643",43,26,54,37,1382,2590,1245
"2644",44,26,75,46,1428,2665,1283
"2645",45,26,64,33,1461,2729,1301
"2646",46,26,58,38,1499,2787,1326
"2647",47,26,62,57,1556,2849,1350
"2648",48,26,55,48,1604,2904,1348
"2649",49,26,58,43,1647,2962,1358
"2650",50,26,47,44,1691,3009,1362
"2651",51,26,62,32,1723,3071,1380
"2652",52,26,51,48,1771,3122,1399
"2653",53,26,50,30,1801,3172,1401
"2654",54,26,63,50,1851,3235,1434
"2655",55,26,64,41,1892,3299,1448
"2656",56,26,81,44,1936,3380,1488
"2657",57,26,70,60,1996,3450,1514
"2658",58,26,62,43,2039,3512,1516
"2659",59,26,70,41,2080,3582,1543
"2660",60,26,60,44,2124,3642,1562
"2661",61,26,49,50,2174,3691,1567
"2662",62,26,55,52,2226,3746,1572
"2663",63,26,53,51,2277,3799,1573
"2664",64,26,66,38,2315,3865,1588
"2665",65,26,57,52,2367,3922,1607
"2666",66,26,65,45,2412,3987,1620
"2667",67,26,69,50,2462,4056,1644
"2668",68,26,77,50,2512,4133,1671
"2669",69,26,74,51,2563,4207,1695
"2670",70,26,68,52,2615,4275,1712
"2671",71,26,74,60,2675,4349,1734
"2672",72,26,61,55,2730,4410,1735
"2673",73,26,52,64,2794,4462,1732
"2674",74,26,60,52,2846,4522,1728
"2675",75,26,70,50,2896,4592,1746
"2676",76,26,53,55,2951,4645,1749
"2677",77,26,65,46,2997,4710,1759
"2678",78,26,55,52,3049,4765,1768
"2679",79,26,82,52,3101,4847,1798
"2680",80,26,61,58,3159,4908,1807
"2681",81,26,62,58,3217,4970,1811
"2682",82,26,61,46,3263,5031,1814
"2683",83,26,55,67,3330,5086,1823
"2684",84,26,62,48,3378,5148,1818
"2685",85,26,66,56,3434,5214,1836
"2686",86,26,57,60,3494,5271,1837
"2687",87,26,46,64,3558,5317,1823
"2688",88,26,60,56,3614,5377,1819
"2689",89,26,54,52,3666,5431,1817
"2690",90,26,53,70,3736,5484,1818
"2691",91,26,61,62,3798,5545,1809
"2692",92,26,55,58,3856,5600,1802
"2693",93,26,67,60,3916,5667,1811
"2694",94,26,53,63,3979,5720,1804
"2695",95,26,60,66,4045,5780,1801
"2696",96,26,58,58,4103,5838,1793
"2697",97,26,57,44,4147,5895,1792
"2698",98,26,63,52,4199,5958,1811
"2699",99,26,55,57,4256,6013,1814
"2700",100,26,53,59,4315,6066,1810
"2701",101,26,64,47,4362,6130,1815
"2702",102,26,54,66,4428,6184,1822
"2703",103,26,64,64,4492,6248,1820
"2704",104,26,29,31,4523,6277,1785
"2705",1,27,60,5,5,60,NA
"2706",2,27,61,6,11,121,116
"2707",3,27,64,11,22,185,174
"2708",4,27,57,12,34,242,220
"2709",5,27,55,19,53,297,263
"2710",6,27,61,22,75,358,305
"2711",7,27,46,28,103,404,329
"2712",8,27,68,39,142,472,369
"2713",9,27,56,33,175,528,386
"2714",10,27,56,25,200,584,409
"2715",11,27,50,35,235,634,434
"2716",12,27,54,25,260,688,453
"2717",13,27,67,31,291,755,495
"2718",14,27,59,19,310,814,523
"2719",15,27,62,37,347,876,566
"2720",16,27,36,20,367,912,565
"2721",17,27,63,26,393,975,608
"2722",18,27,59,27,420,1034,641
"2723",19,27,64,40,460,1098,678
"2724",20,27,56,32,492,1154,694
"2725",21,27,72,31,523,1226,734
"2726",22,27,71,33,556,1297,774
"2727",23,27,46,36,592,1343,787
"2728",24,27,48,37,629,1391,799
"2729",25,27,57,37,666,1448,819
"2730",26,27,63,42,708,1511,845
"2731",27,27,67,31,739,1578,870
"2732",28,27,69,37,776,1647,908
"2733",29,27,63,31,807,1710,934
"2734",30,27,59,41,848,1769,962
"2735",31,27,69,35,883,1838,990
"2736",32,27,56,31,914,1894,1011
"2737",33,27,52,46,960,1946,1032
"2738",34,27,66,44,1004,2012,1052
"2739",35,27,52,35,1039,2064,1060
"2740",36,27,59,37,1076,2123,1084
"2741",37,27,58,40,1116,2181,1105
"2742",38,27,66,31,1147,2247,1131
"2743",39,27,54,39,1186,2301,1154
"2744",40,27,55,37,1223,2356,1170
"2745",41,27,71,37,1260,2427,1204
"2746",42,27,50,32,1292,2477,1217
"2747",43,27,53,36,1328,2530,1238
"2748",44,27,50,40,1368,2580,1252
"2749",45,27,63,36,1404,2643,1275
"2750",46,27,55,33,1437,2698,1294
"2751",47,27,58,40,1477,2756,1319
"2752",48,27,65,42,1519,2821,1344
"2753",49,27,52,47,1566,2873,1354
"2754",50,27,50,46,1612,2923,1357
"2755",51,27,69,41,1653,2992,1380
"2756",52,27,55,53,1706,3047,1394
"2757",53,27,55,35,1741,3102,1396
"2758",54,27,63,52,1793,3165,1424
"2759",55,27,60,45,1838,3225,1432
"2760",56,27,58,37,1875,3283,1445
"2761",57,27,70,45,1920,3353,1478
"2762",58,27,54,43,1963,3407,1487
"2763",59,27,78,51,2014,3485,1522
"2764",60,27,63,40,2054,3548,1534
"2765",61,27,72,51,2105,3620,1566
"2766",62,27,63,57,2162,3683,1578
"2767",63,27,62,54,2216,3745,1583
"2768",64,27,49,53,2269,3794,1578
"2769",65,27,73,39,2308,3867,1598
"2770",66,27,58,47,2355,3925,1617
"2771",67,27,51,37,2392,3976,1621
"2772",68,27,67,53,2445,4043,1651
"2773",69,27,72,62,2507,4115,1670
"2774",70,27,55,61,2568,4170,1663
"2775",71,27,50,48,2616,4220,1652
"2776",72,27,72,58,2674,4292,1676
"2777",73,27,60,37,2711,4352,1678
"2778",74,27,50,43,2754,4402,1691
"2779",75,27,57,44,2798,4459,1705
"2780",76,27,58,51,2849,4517,1719
"2781",77,27,64,53,2902,4581,1732
"2782",78,27,65,71,2973,4646,1744
"2783",79,27,64,58,3031,4710,1737
"2784",80,27,59,49,3080,4769,1738
"2785",81,27,65,61,3141,4834,1754
"2786",82,27,53,38,3179,4887,1746
"2787",83,27,42,54,3233,4929,1750
"2788",84,27,70,64,3297,4999,1766
"2789",85,27,61,56,3353,5060,1763
"2790",86,27,60,68,3421,5120,1767
"2791",87,27,72,61,3482,5192,1771
"2792",88,27,67,45,3527,5259,1777
"2793",89,27,52,63,3590,5311,1784
"2794",90,27,52,42,3632,5363,1773
"2795",91,27,57,54,3686,5420,1788
"2796",92,27,62,54,3740,5482,1796
"2797",93,27,55,49,3789,5537,1797
"2798",94,27,55,72,3861,5592,1803
"2799",95,27,67,57,3918,5659,1798
"2800",96,27,61,44,3962,5720,1802
"2801",97,27,66,42,4004,5786,1824
"2802",98,27,58,48,4052,5844,1840
"2803",99,27,62,49,4101,5906,1854
"2804",100,27,73,67,4168,5979,1878
"2805",101,27,48,56,4224,6027,1859
"2806",102,27,52,74,4298,6079,1855
"2807",103,27,53,55,4353,6132,1834
"2808",104,27,37,24,4377,6169,1816
"2809",1,28,53,3,3,53,NA
"2810",2,28,58,7,10,111,108
"2811",3,28,47,12,22,158,148
"2812",4,28,51,25,47,209,187
"2813",5,28,61,23,70,270,223
"2814",6,28,57,29,99,327,257
"2815",7,28,62,24,123,389,290
"2816",8,28,61,16,139,450,327
"2817",9,28,51,19,158,501,362
"2818",10,28,67,27,185,568,410
"2819",11,28,52,21,206,620,435
"2820",12,28,53,29,235,673,467
"2821",13,28,63,39,274,736,501
"2822",14,28,52,32,306,788,514
"2823",15,28,75,32,338,863,557
"2824",16,28,59,31,369,922,584
"2825",17,28,55,38,407,977,608
"2826",18,28,62,36,443,1039,632
"2827",19,28,51,40,483,1090,647
"2828",20,28,59,28,511,1149,666
"2829",21,28,54,33,544,1203,692
"2830",22,28,51,37,581,1254,710
"2831",23,28,67,31,612,1321,740
"2832",24,28,67,38,650,1388,776
"2833",25,28,57,23,673,1445,795
"2834",26,28,56,31,704,1501,828
"2835",27,28,64,32,736,1565,861
"2836",28,28,59,29,765,1624,888
"2837",29,28,55,42,807,1679,914
"2838",30,28,53,39,846,1732,925
"2839",31,28,61,44,890,1793,947
"2840",32,28,59,33,923,1852,962
"2841",33,28,58,29,952,1910,987
"2842",34,28,62,42,994,1972,1020
"2843",35,28,51,26,1020,2023,1029
"2844",36,28,56,39,1059,2079,1059
"2845",37,28,62,59,1118,2141,1082
"2846",38,28,50,32,1150,2191,1073
"2847",39,28,65,32,1182,2256,1106
"2848",40,28,54,42,1224,2310,1128
"2849",41,28,67,46,1270,2377,1153
"2850",42,28,61,41,1311,2438,1168
"2851",43,28,55,48,1359,2493,1182
"2852",44,28,54,53,1412,2547,1188
"2853",45,28,62,40,1452,2609,1197
"2854",46,28,58,37,1489,2667,1215
"2855",47,28,57,40,1529,2724,1235
"2856",48,28,51,43,1572,2775,1246
"2857",49,28,55,50,1622,2830,1258
"2858",50,28,48,41,1663,2878,1256
"2859",51,28,66,44,1707,2944,1281
"2860",52,28,49,41,1748,2993,1286
"2861",53,28,53,38,1786,3046,1298
"2862",54,28,49,49,1835,3095,1309
"2863",55,28,64,41,1876,3159,1324
"2864",56,28,61,39,1915,3220,1344
"2865",57,28,58,39,1954,3278,1363
"2866",58,28,49,47,2001,3327,1373
"2867",59,28,67,44,2045,3394,1393
"2868",60,28,57,55,2100,3451,1406
"2869",61,28,55,45,2145,3506,1406
"2870",62,28,63,40,2185,3569,1424
"2871",63,28,58,44,2229,3627,1442
"2872",64,28,43,44,2273,3670,1441
"2873",65,28,59,55,2328,3729,1456
"2874",66,28,54,38,2366,3783,1455
"2875",67,28,67,48,2414,3850,1484
"2876",68,28,56,57,2471,3906,1492
"2877",69,28,56,42,2513,3962,1491
"2878",70,28,50,63,2576,4012,1499
"2879",71,28,64,53,2629,4076,1500
"2880",72,28,52,45,2674,4128,1499
"2881",73,28,63,40,2714,4191,1517
"2882",74,28,59,50,2764,4250,1536
"2883",75,28,66,57,2821,4316,1552
"2884",76,28,63,67,2888,4379,1558
"2885",77,28,44,56,2944,4423,1535
"2886",78,28,59,70,3014,4482,1538
"2887",79,28,62,53,3067,4544,1530
"2888",80,28,49,53,3120,4593,1526
"2889",81,28,52,56,3176,4645,1525
"2890",82,28,57,51,3227,4702,1526
"2891",83,28,60,55,3282,4762,1535
"2892",84,28,57,49,3331,4819,1537
"2893",85,28,50,61,3392,4869,1538
"2894",86,28,66,46,3438,4935,1543
"2895",87,28,67,49,3487,5002,1564
"2896",88,28,58,53,3540,5060,1573
"2897",89,28,49,35,3575,5109,1569
"2898",90,28,61,48,3623,5170,1595
"2899",91,28,54,54,3677,5224,1601
"2900",92,28,58,61,3738,5282,1605
"2901",93,28,56,43,3781,5338,1600
"2902",94,28,68,43,3824,5406,1625
"2903",95,28,72,46,3870,5478,1654
"2904",96,28,50,49,3919,5528,1658
"2905",97,28,64,51,3970,5592,1673
"2906",98,28,69,47,4017,5661,1691
"2907",99,28,52,56,4073,5713,1696
"2908",100,28,87,53,4126,5800,1727
"2909",101,28,62,56,4182,5862,1736
"2910",102,28,71,58,4240,5933,1751
"2911",103,28,61,59,4299,5994,1754
"2912",104,28,31,22,4321,6025,1726
"2913",1,29,57,4,4,57,NA
"2914",2,29,67,3,7,124,120
"2915",3,29,46,12,19,170,163
"2916",4,29,72,17,36,242,223
"2917",5,29,70,18,54,312,276
"2918",6,29,65,30,84,377,323
"2919",7,29,48,21,105,425,341
"2920",8,29,64,32,137,489,384
"2921",9,29,73,40,177,562,425
"2922",10,29,64,34,211,626,449
"2923",11,29,51,42,253,677,466
"2924",12,29,70,36,289,747,494
"2925",13,29,55,25,314,802,513
"2926",14,29,65,30,344,867,553
"2927",15,29,62,28,372,929,585
"2928",16,29,53,34,406,982,610
"2929",17,29,71,31,437,1053,647
"2930",18,29,61,32,469,1114,677
"2931",19,29,54,31,500,1168,699
"2932",20,29,52,38,538,1220,720
"2933",21,29,59,37,575,1279,741
"2934",22,29,71,40,615,1350,775
"2935",23,29,46,25,640,1396,781
"2936",24,29,68,32,672,1464,824
"2937",25,29,56,32,704,1520,848
"2938",26,29,58,33,737,1578,874
"2939",27,29,61,42,779,1639,902
"2940",28,29,47,34,813,1686,907
"2941",29,29,64,41,854,1750,937
"2942",30,29,45,34,888,1795,941
"2943",31,29,48,38,926,1843,955
"2944",32,29,66,39,965,1909,983
"2945",33,29,58,37,1002,1967,1002
"2946",34,29,52,39,1041,2019,1017
"2947",35,29,51,28,1069,2070,1029
"2948",36,29,67,34,1103,2137,1068
"2949",37,29,68,32,1135,2205,1102
"2950",38,29,58,46,1181,2263,1128
"2951",39,29,71,38,1219,2334,1153
"2952",40,29,64,33,1252,2398,1179
"2953",41,29,62,38,1290,2460,1208
"2954",42,29,48,32,1322,2508,1218
"2955",43,29,54,47,1369,2562,1240
"2956",44,29,66,35,1404,2628,1259
"2957",45,29,55,42,1446,2683,1279
"2958",46,29,71,34,1480,2754,1308
"2959",47,29,60,39,1519,2814,1334
"2960",48,29,61,43,1562,2875,1356
"2961",49,29,63,52,1614,2938,1376
"2962",50,29,48,38,1652,2986,1372
"2963",51,29,58,48,1700,3044,1392
"2964",52,29,43,42,1742,3087,1387
"2965",53,29,61,52,1794,3148,1406
"2966",54,29,73,33,1827,3221,1427
"2967",55,29,50,50,1877,3271,1444
"2968",56,29,67,52,1929,3338,1461
"2969",57,29,71,41,1970,3409,1480
"2970",58,29,48,41,2011,3457,1487
"2971",59,29,55,55,2066,3512,1501
"2972",60,29,65,46,2112,3577,1511
"2973",61,29,63,46,2158,3640,1528
"2974",62,29,58,48,2206,3698,1540
"2975",63,29,58,50,2256,3756,1550
"2976",64,29,58,54,2310,3814,1558
"2977",65,29,36,46,2356,3850,1540
"2978",66,29,44,62,2418,3894,1538
"2979",67,29,60,47,2465,3954,1536
"2980",68,29,60,59,2524,4014,1549
"2981",69,29,63,62,2586,4077,1553
"2982",70,29,61,61,2647,4138,1552
"2983",71,29,66,55,2702,4204,1557
"2984",72,29,55,47,2749,4259,1557
"2985",73,29,61,37,2786,4320,1571
"2986",74,29,58,45,2831,4378,1592
"2987",75,29,46,51,2882,4424,1593
"2988",76,29,64,47,2929,4488,1606
"2989",77,29,66,48,2977,4554,1625
"2990",78,29,55,46,3023,4609,1632
"2991",79,29,45,59,3082,4654,1631
"2992",80,29,51,50,3132,4705,1623
"2993",81,29,60,55,3187,4765,1633
"2994",82,29,53,46,3233,4818,1631
"2995",83,29,64,54,3287,4882,1649
"2996",84,29,54,51,3338,4936,1649
"2997",85,29,63,44,3382,4999,1661
"2998",86,29,55,56,3438,5054,1672
"2999",87,29,67,54,3492,5121,1683
"3000",88,29,66,64,3556,5187,1695
"3001",89,29,56,45,3601,5243,1687
"3002",90,29,73,63,3664,5316,1715
"3003",91,29,61,50,3714,5377,1713
"3004",92,29,62,39,3753,5439,1725
"3005",93,29,50,54,3807,5489,1736
"3006",94,29,65,48,3855,5554,1747
"3007",95,29,70,57,3912,5624,1769
"3008",96,29,61,56,3968,5685,1773
"3009",97,29,70,60,4028,5755,1787
"3010",98,29,57,49,4077,5812,1784
"3011",99,29,50,53,4130,5862,1785
"3012",100,29,39,51,4181,5901,1771
"3013",101,29,62,62,4243,5963,1782
"3014",102,29,60,54,4297,6023,1780
"3015",103,29,56,46,4343,6079,1782
"3016",104,29,29,25,4368,6108,1765
"3017",1,30,54,5,5,54,NA
"3018",2,30,72,7,12,126,121
"3019",3,30,59,15,27,185,173
"3020",4,30,63,20,47,248,221
"3021",5,30,77,31,78,325,278
"3022",6,30,47,27,105,372,294
"3023",7,30,59,16,121,431,326
"3024",8,30,63,24,145,494,373
"3025",9,30,59,27,172,553,408
"3026",10,30,69,27,199,622,450
"3027",11,30,66,23,222,688,489
"3028",12,30,46,33,255,734,512
"3029",13,30,64,32,287,798,543
"3030",14,30,63,27,314,861,574
"3031",15,30,52,30,344,913,599
"3032",16,30,82,35,379,995,651
"3033",17,30,57,19,398,1052,673
"3034",18,30,64,34,432,1116,718
"3035",19,30,58,24,456,1174,742
"3036",20,30,58,28,484,1232,776
"3037",21,30,49,22,506,1281,797
"3038",22,30,51,42,548,1332,826
"3039",23,30,63,39,587,1395,847
"3040",24,30,58,35,622,1453,866
"3041",25,30,61,20,642,1514,892
"3042",26,30,60,28,670,1574,932
"3043",27,30,66,36,706,1640,970
"3044",28,30,60,30,736,1700,994
"3045",29,30,51,30,766,1751,1015
"3046",30,30,48,35,801,1799,1033
"3047",31,30,54,32,833,1853,1052
"3048",32,30,62,31,864,1915,1082
"3049",33,30,72,32,896,1987,1123
"3050",34,30,55,41,937,2042,1146
"3051",35,30,84,34,971,2126,1189
"3052",36,30,63,32,1003,2189,1218
"3053",37,30,56,46,1049,2245,1242
"3054",38,30,67,41,1090,2312,1263
"3055",39,30,64,47,1137,2376,1286
"3056",40,30,59,34,1171,2435,1298
"3057",41,30,65,38,1209,2500,1329
"3058",42,30,55,45,1254,2555,1346
"3059",43,30,55,53,1307,2610,1356
"3060",44,30,81,57,1364,2691,1384
"3061",45,30,56,46,1410,2747,1383
"3062",46,30,44,34,1444,2791,1381
"3063",47,30,61,51,1495,2852,1408
"3064",48,30,50,39,1534,2902,1407
"3065",49,30,54,48,1582,2956,1422
"3066",50,30,46,45,1627,3002,1420
"3067",51,30,55,63,1690,3057,1430
"3068",52,30,59,42,1732,3116,1426
"3069",53,30,52,57,1789,3168,1436
"3070",54,30,69,36,1825,3237,1448
"3071",55,30,59,38,1863,3296,1471
"3072",56,30,69,41,1904,3365,1502
"3073",57,30,68,56,1960,3433,1529
"3074",58,30,62,46,2006,3495,1535
"3075",59,30,57,51,2057,3552,1546
"3076",60,30,59,48,2105,3611,1554
"3077",61,30,61,42,2147,3672,1567
"3078",62,30,54,38,2185,3726,1579
"3079",63,30,73,45,2230,3799,1614
"3080",64,30,58,62,2292,3857,1627
"3081",65,30,58,50,2342,3915,1623
"3082",66,30,73,45,2387,3988,1646
"3083",67,30,57,60,2447,4045,1658
"3084",68,30,54,59,2506,4099,1652
"3085",69,30,54,53,2559,4153,1647
"3086",70,30,61,61,2620,4214,1655
"3087",71,30,63,53,2673,4277,1657
"3088",72,30,55,46,2719,4332,1659
"3089",73,30,57,50,2769,4389,1670
"3090",74,30,69,56,2825,4458,1689
"3091",75,30,49,60,2885,4507,1682
"3092",76,30,68,55,2940,4575,1690
"3093",77,30,60,64,3004,4635,1695
"3094",78,30,69,42,3046,4704,1700
"3095",79,30,59,57,3103,4763,1717
"3096",80,30,58,53,3156,4821,1718
"3097",81,30,60,56,3212,4881,1725
"3098",82,30,56,46,3258,4937,1725
"3099",83,30,72,54,3312,5009,1751
"3100",84,30,56,46,3358,5065,1753
"3101",85,30,53,48,3406,5118,1760
"3102",86,30,61,63,3469,5179,1773
"3103",87,30,72,53,3522,5251,1782
"3104",88,30,72,49,3571,5323,1801
"3105",89,30,62,60,3631,5385,1814
"3106",90,30,62,55,3686,5447,1816
"3107",91,30,78,64,3750,5525,1839
"3108",92,30,61,63,3813,5586,1836
"3109",93,30,55,53,3866,5641,1828
"3110",94,30,59,59,3925,5700,1834
"3111",95,30,58,63,3988,5758,1833
"3112",96,30,63,59,4047,5821,1833
"3113",97,30,61,53,4100,5882,1835
"3114",98,30,69,47,4147,5951,1851
"3115",99,30,53,52,4199,6004,1857
"3116",100,30,59,39,4238,6063,1864
"3117",101,30,57,43,4281,6120,1882
"3118",102,30,62,53,4334,6182,1901
"3119",103,30,59,56,4390,6241,1907
"3120",104,30,29,33,4423,6270,1880
"3121",1,31,66,7,7,66,NA
"3122",2,31,62,5,12,128,121
"3123",3,31,65,16,28,193,181
"3124",4,31,52,25,53,245,217
"3125",5,31,57,24,77,302,249
"3126",6,31,61,32,109,363,286
"3127",7,31,51,21,130,414,305
"3128",8,31,60,27,157,474,344
"3129",9,31,61,38,195,535,378
"3130",10,31,54,24,219,589,394
"3131",11,31,71,26,245,660,441
"3132",12,31,48,31,276,708,463
"3133",13,31,53,28,304,761,485
"3134",14,31,48,27,331,809,505
"3135",15,31,74,28,359,883,552
"3136",16,31,59,24,383,942,583
"3137",17,31,61,33,416,1003,620
"3138",18,31,52,30,446,1055,639
"3139",19,31,51,26,472,1106,660
"3140",20,31,46,42,514,1152,680
"3141",21,31,48,27,541,1200,686
"3142",22,31,56,30,571,1256,715
"3143",23,31,60,27,598,1316,745
"3144",24,31,65,37,635,1381,783
"3145",25,31,66,26,661,1447,812
"3146",26,31,59,41,702,1506,845
"3147",27,31,63,32,734,1569,867
"3148",28,31,64,45,779,1633,899
"3149",29,31,55,34,813,1688,909
"3150",30,31,55,28,841,1743,930
"3151",31,31,58,36,877,1801,960
"3152",32,31,55,33,910,1856,979
"3153",33,31,47,38,948,1903,993
"3154",34,31,63,42,990,1966,1018
"3155",35,31,72,38,1028,2038,1048
"3156",36,31,67,26,1054,2105,1077
"3157",37,31,47,47,1101,2152,1098
"3158",38,31,63,43,1144,2215,1114
"3159",39,31,34,34,1178,2249,1105
"3160",40,31,70,44,1222,2319,1141
"3161",41,31,61,39,1261,2380,1158
"3162",42,31,45,33,1294,2425,1164
"3163",43,31,58,53,1347,2483,1189
"3164",44,31,59,42,1389,2542,1195
"3165",45,31,59,41,1430,2601,1212
"3166",46,31,63,43,1473,2664,1234
"3167",47,31,60,46,1519,2724,1251
"3168",48,31,39,43,1562,2763,1244
"3169",49,31,74,40,1602,2837,1275
"3170",50,31,49,53,1655,2886,1284
"3171",51,31,47,54,1709,2933,1278
"3172",52,31,49,39,1748,2982,1273
"3173",53,31,57,54,1802,3039,1291
"3174",54,31,57,32,1834,3096,1294
"3175",55,31,58,36,1870,3154,1320
"3176",56,31,70,45,1915,3224,1354
"3177",57,31,59,40,1955,3283,1368
"3178",58,31,65,45,2000,3348,1393
"3179",59,31,53,39,2039,3401,1401
"3180",60,31,78,35,2074,3479,1440
"3181",61,31,61,53,2127,3540,1466
"3182",62,31,47,40,2167,3587,1460
"3183",63,31,59,31,2198,3646,1479
"3184",64,31,62,48,2246,3708,1510
"3185",65,31,57,51,2297,3765,1519
"3186",66,31,51,53,2350,3816,1519
"3187",67,31,66,46,2396,3882,1532
"3188",68,31,55,42,2438,3937,1541
"3189",69,31,70,42,2480,4007,1569
"3190",70,31,60,41,2521,4067,1587
"3191",71,31,57,58,2579,4124,1603
"3192",72,31,65,49,2628,4189,1610
"3193",73,31,54,45,2673,4243,1615
"3194",74,31,66,51,2724,4309,1636
"3195",75,31,61,38,2762,4370,1646
"3196",76,31,69,54,2816,4439,1677
"3197",77,31,63,41,2857,4502,1686
"3198",78,31,67,64,2921,4569,1712
"3199",79,31,51,46,2967,4620,1699
"3200",80,31,55,58,3025,4675,1708
"3201",81,31,54,57,3082,4729,1704
"3202",82,31,61,57,3139,4790,1708
"3203",83,31,53,52,3191,4843,1704
"3204",84,31,62,47,3238,4905,1714
"3205",85,31,53,63,3301,4958,1720
"3206",86,31,68,62,3363,5026,1725
"3207",87,31,53,55,3418,5079,1716
"3208",88,31,56,52,3470,5135,1717
"3209",89,31,51,50,3520,5186,1716
"3210",90,31,51,63,3583,5237,1717
"3211",91,31,61,52,3635,5298,1715
"3212",92,31,65,55,3690,5363,1728
"3213",93,31,67,63,3753,5430,1740
"3214",94,31,60,48,3801,5490,1737
"3215",95,31,52,51,3852,5542,1741
"3216",96,31,67,54,3906,5609,1757
"3217",97,31,54,59,3965,5663,1757
"3218",98,31,64,46,4011,5727,1762
"3219",99,31,65,54,4065,5792,1781
"3220",100,31,55,49,4114,5847,1782
"3221",101,31,71,65,4179,5918,1804
"3222",102,31,62,70,4249,5980,1801
"3223",103,31,60,47,4296,6040,1791
"3224",104,31,38,23,4319,6078,1782
"3225",1,32,52,2,2,52,NA
"3226",2,32,57,3,5,109,107
"3227",3,32,73,12,17,182,177
"3228",4,32,49,17,34,231,214
"3229",5,32,44,16,50,275,241
"3230",6,32,57,20,70,332,282
"3231",7,32,57,20,90,389,319
"3232",8,32,55,28,118,444,354
"3233",9,32,67,22,140,511,393
"3234",10,32,61,34,174,572,432
"3235",11,32,59,20,194,631,457
"3236",12,32,65,27,221,696,502
"3237",13,32,55,24,245,751,530
"3238",14,32,54,38,283,805,560
"3239",15,32,57,27,310,862,579
"3240",16,32,55,25,335,917,607
"3241",17,32,59,35,370,976,641
"3242",18,32,47,35,405,1023,653
"3243",19,32,53,32,437,1076,671
"3244",20,32,39,31,468,1115,678
"3245",21,32,62,29,497,1177,709
"3246",22,32,47,33,530,1224,727
"3247",23,32,55,32,562,1279,749
"3248",24,32,69,29,591,1348,786
"3249",25,32,55,24,615,1403,812
"3250",26,32,52,28,643,1455,840
"3251",27,32,64,25,668,1519,876
"3252",28,32,71,36,704,1590,922
"3253",29,32,68,36,740,1658,954
"3254",30,32,56,28,768,1714,974
"3255",31,32,68,44,812,1782,1014
"3256",32,32,61,34,846,1843,1031
"3257",33,32,75,25,871,1918,1072
"3258",34,32,56,31,902,1974,1103
"3259",35,32,70,43,945,2044,1142
"3260",36,32,63,35,980,2107,1162
"3261",37,32,78,44,1024,2185,1205
"3262",38,32,61,36,1060,2246,1222
"3263",39,32,53,40,1100,2299,1239
"3264",40,32,58,29,1129,2357,1257
"3265",41,32,58,41,1170,2415,1286
"3266",42,32,54,25,1195,2469,1299
"3267",43,32,61,53,1248,2530,1335
"3268",44,32,68,48,1296,2598,1350
"3269",45,32,57,50,1346,2655,1359
"3270",46,32,61,40,1386,2716,1370
"3271",47,32,50,27,1413,2766,1380
"3272",48,32,56,41,1454,2822,1409
"3273",49,32,72,31,1485,2894,1440
"3274",50,32,76,45,1530,2970,1485
"3275",51,32,68,49,1579,3038,1508
"3276",52,32,74,48,1627,3112,1533
"3277",53,32,59,39,1666,3171,1544
"3278",54,32,76,49,1715,3247,1581
"3279",55,32,50,54,1769,3297,1582
"3280",56,32,64,44,1813,3361,1592
"3281",57,32,63,49,1862,3424,1611
"3282",58,32,60,47,1909,3484,1622
"3283",59,32,63,41,1950,3547,1638
"3284",60,32,53,49,1999,3600,1650
"3285",61,32,58,50,2049,3658,1659
"3286",62,32,69,48,2097,3727,1678
"3287",63,32,66,48,2145,3793,1696
"3288",64,32,57,64,2209,3850,1705
"3289",65,32,61,46,2255,3911,1702
"3290",66,32,48,48,2303,3959,1704
"3291",67,32,45,51,2354,4004,1701
"3292",68,32,62,47,2401,4066,1712
"3293",69,32,61,47,2448,4127,1726
"3294",70,32,58,59,2507,4185,1737
"3295",71,32,54,59,2566,4239,1732
"3296",72,32,61,51,2617,4300,1734
"3297",73,32,58,48,2665,4358,1741
"3298",74,32,69,49,2714,4427,1762
"3299",75,32,73,53,2767,4500,1786
"3300",76,32,53,53,2820,4553,1786
"3301",77,32,64,60,2880,4617,1797
"3302",78,32,63,55,2935,4680,1800
"3303",79,32,61,57,2992,4741,1806
"3304",80,32,56,43,3035,4797,1805
"3305",81,32,51,45,3080,4848,1813
"3306",82,32,70,56,3136,4918,1838
"3307",83,32,56,59,3195,4974,1838
"3308",84,32,60,50,3245,5034,1839
"3309",85,32,66,60,3305,5100,1855
"3310",86,32,66,51,3356,5166,1861
"3311",87,32,65,56,3412,5231,1875
"3312",88,32,54,68,3480,5285,1873
"3313",89,32,49,54,3534,5334,1854
"3314",90,32,65,55,3589,5399,1865
"3315",91,32,63,64,3653,5462,1873
"3316",92,32,54,58,3711,5516,1863
"3317",93,32,57,51,3762,5573,1862
"3318",94,32,62,62,3824,5635,1873
"3319",95,32,66,54,3878,5701,1877
"3320",96,32,50,60,3938,5751,1873
"3321",97,32,53,52,3990,5804,1866
"3322",98,32,72,46,4036,5876,1886
"3323",99,32,61,56,4092,5937,1901
"3324",100,32,60,71,4163,5997,1905
"3325",101,32,51,51,4214,6048,1885
"3326",102,32,65,42,4256,6113,1899
"3327",103,32,79,39,4295,6192,1936
"3328",104,32,34,29,4324,6226,1931
"3329",1,33,64,1,1,64,NA
"3330",2,33,67,14,15,131,130
"3331",3,33,67,16,31,198,183
"3332",4,33,52,14,45,250,219
"3333",5,33,70,27,72,320,275
"3334",6,33,62,24,96,382,310
"3335",7,33,55,36,132,437,341
"3336",8,33,55,22,154,492,360
"3337",9,33,58,23,177,550,396
"3338",10,33,65,26,203,615,438
"3339",11,33,65,26,229,680,477
"3340",12,33,55,32,261,735,506
"3341",13,33,56,34,295,791,530
"3342",14,33,54,37,332,845,550
"3343",15,33,66,27,359,911,579
"3344",16,33,53,28,387,964,605
"3345",17,33,71,24,411,1035,648
"3346",18,33,59,29,440,1094,683
"3347",19,33,60,27,467,1154,714
"3348",20,33,75,30,497,1229,762
"3349",21,33,52,25,522,1281,784
"3350",22,33,73,27,549,1354,832
"3351",23,33,67,33,582,1421,872
"3352",24,33,52,43,625,1473,891
"3353",25,33,60,35,660,1533,908
"3354",26,33,63,32,692,1596,936
"3355",27,33,63,46,738,1659,967
"3356",28,33,61,39,777,1720,982
"3357",29,33,61,49,826,1781,1004
"3358",30,33,54,40,866,1835,1009
"3359",31,33,64,39,905,1899,1033
"3360",32,33,46,37,942,1945,1040
"3361",33,33,51,28,970,1996,1054
"3362",34,33,65,45,1015,2061,1091
"3363",35,33,50,41,1056,2111,1096
"3364",36,33,67,42,1098,2178,1122
"3365",37,33,83,43,1141,2261,1163
"3366",38,33,70,38,1179,2331,1190
"3367",39,33,68,40,1219,2399,1220
"3368",40,33,61,28,1247,2460,1241
"3369",41,33,72,30,1277,2532,1285
"3370",42,33,49,36,1313,2581,1304
"3371",43,33,77,35,1348,2658,1345
"3372",44,33,59,43,1391,2717,1369
"3373",45,33,69,51,1442,2786,1395
"3374",46,33,67,44,1486,2853,1411
"3375",47,33,59,47,1533,2912,1426
"3376",48,33,68,53,1586,2980,1447
"3377",49,33,88,39,1625,3068,1482
"3378",50,33,55,40,1665,3123,1498
"3379",51,33,48,44,1709,3171,1506
"3380",52,33,64,44,1753,3235,1526
"3381",53,33,56,40,1793,3291,1538
"3382",54,33,58,49,1842,3349,1556
"3383",55,33,61,41,1883,3410,1568
"3384",56,33,69,56,1939,3479,1596
"3385",57,33,72,53,1992,3551,1612
"3386",58,33,60,48,2040,3611,1619
"3387",59,33,55,48,2088,3666,1626
"3388",60,33,70,39,2127,3736,1648
"3389",61,33,54,38,2165,3790,1663
"3390",62,33,66,55,2220,3856,1691
"3391",63,33,69,62,2282,3925,1705
"3392",64,33,60,48,2330,3985,1703
"3393",65,33,76,39,2369,4061,1731
"3394",66,33,65,59,2428,4126,1757
"3395",67,33,64,59,2487,4190,1762
"3396",68,33,63,55,2542,4253,1766
"3397",69,33,47,48,2590,4300,1758
"3398",70,33,63,55,2645,4363,1773
"3399",71,33,64,48,2693,4427,1782
"3400",72,33,63,64,2757,4490,1797
"3401",73,33,61,45,2802,4551,1794
"3402",74,33,62,61,2863,4613,1811
"3403",75,33,77,54,2917,4690,1827
"3404",76,33,67,57,2974,4757,1840
"3405",77,33,60,47,3021,4817,1843
"3406",78,33,71,58,3079,4888,1867
"3407",79,33,59,51,3130,4947,1868
"3408",80,33,51,57,3187,4998,1868
"3409",81,33,48,65,3252,5046,1859
"3410",82,33,78,61,3313,5124,1872
"3411",83,33,59,66,3379,5183,1870
"3412",84,33,52,58,3437,5235,1856
"3413",85,33,50,64,3501,5285,1848
"3414",86,33,66,38,3539,5351,1850
"3415",87,33,52,57,3596,5403,1864
"3416",88,33,61,60,3656,5464,1868
"3417",89,33,59,50,3706,5523,1867
"3418",90,33,62,66,3772,5585,1879
"3419",91,33,60,50,3822,5645,1873
"3420",92,33,61,45,3867,5706,1884
"3421",93,33,60,54,3921,5766,1899
"3422",94,33,58,59,3980,5824,1903
"3423",95,33,54,52,4032,5878,1898
"3424",96,33,57,64,4096,5935,1903
"3425",97,33,55,54,4150,5990,1894
"3426",98,33,61,62,4212,6051,1901
"3427",99,33,54,58,4270,6105,1893
"3428",100,33,61,56,4326,6166,1896
"3429",101,33,66,58,4384,6232,1906
"3430",102,33,61,61,4445,6293,1909
"3431",103,33,54,54,4499,6347,1902
"3432",104,33,34,27,4526,6381,1882
"3433",1,34,62,5,5,62,NA
"3434",2,34,65,5,10,127,122
"3435",3,34,71,7,17,198,188
"3436",4,34,55,17,34,253,236
"3437",5,34,68,27,61,321,287
"3438",6,34,63,24,85,384,323
"3439",7,34,69,27,112,453,368
"3440",8,34,60,25,137,513,401
"3441",9,34,57,29,166,570,433
"3442",10,34,62,24,190,632,466
"3443",11,34,59,36,226,691,501
"3444",12,34,55,24,250,746,520
"3445",13,34,65,22,272,811,561
"3446",14,34,61,28,300,872,600
"3447",15,34,56,24,324,928,628
"3448",16,34,59,28,352,987,663
"3449",17,34,69,33,385,1056,704
"3450",18,34,52,28,413,1108,723
"3451",19,34,59,24,437,1167,754
"3452",20,34,58,29,466,1225,788
"3453",21,34,59,32,498,1284,818
"3454",22,34,66,28,526,1350,852
"3455",23,34,61,32,558,1411,885
"3456",24,34,66,31,589,1477,919
"3457",25,34,57,31,620,1534,945
"3458",26,34,67,33,653,1601,981
"3459",27,34,62,33,686,1663,1010
"3460",28,34,67,38,724,1730,1044
"3461",29,34,60,39,763,1790,1066
"3462",30,34,68,30,793,1858,1095
"3463",31,34,58,29,822,1916,1123
"3464",32,34,56,37,859,1972,1150
"3465",33,34,48,41,900,2020,1161
"3466",34,34,58,40,940,2078,1178
"3467",35,34,68,43,983,2146,1206
"3468",36,34,55,40,1023,2201,1218
"3469",37,34,67,37,1060,2268,1245
"3470",38,34,81,45,1105,2349,1289
"3471",39,34,59,39,1144,2408,1303
"3472",40,34,61,40,1184,2469,1325
"3473",41,34,70,40,1224,2539,1355
"3474",42,34,58,43,1267,2597,1373
"3475",43,34,56,37,1304,2653,1386
"3476",44,34,60,43,1347,2713,1409
"3477",45,34,62,39,1386,2775,1428
"3478",46,34,61,42,1428,2836,1450
"3479",47,34,70,55,1483,2906,1478
"3480",48,34,73,35,1518,2979,1496
"3481",49,34,62,41,1559,3041,1523
"3482",50,34,70,45,1604,3111,1552
"3483",51,34,54,46,1650,3165,1561
"3484",52,34,58,34,1684,3223,1573
"3485",53,34,53,52,1736,3276,1592
"3486",54,34,57,58,1794,3333,1597
"3487",55,34,52,28,1822,3385,1591
"3488",56,34,58,55,1877,3443,1621
"3489",57,34,65,51,1928,3508,1631
"3490",58,34,54,51,1979,3562,1634
"3491",59,34,53,61,2040,3615,1636
"3492",60,34,61,55,2095,3676,1636
"3493",61,34,69,53,2148,3745,1650
"3494",62,34,68,64,2212,3813,1665
"3495",63,34,52,48,2260,3865,1653
"3496",64,34,48,44,2304,3913,1653
"3497",65,34,69,48,2352,3982,1678
"3498",66,34,74,60,2412,4056,1704
"3499",67,34,87,51,2463,4143,1731
"3500",68,34,64,48,2511,4207,1744
"3501",69,34,47,67,2578,4254,1743
"3502",70,34,62,54,2632,4316,1738
"3503",71,34,69,48,2680,4385,1753
"3504",72,34,60,58,2738,4445,1765
"3505",73,34,40,60,2798,4485,1747
"3506",74,34,70,55,2853,4555,1757
"3507",75,34,63,46,2899,4618,1765
"3508",76,34,56,52,2951,4674,1775
"3509",77,34,52,50,3001,4726,1775
"3510",78,34,66,58,3059,4792,1791
"3511",79,34,57,50,3109,4849,1790
"3512",80,34,51,67,3176,4900,1791
"3513",81,34,66,46,3222,4966,1790
"3514",82,34,58,57,3279,5024,1802
"3515",83,34,61,53,3332,5085,1806
"3516",84,34,66,44,3376,5151,1819
"3517",85,34,59,53,3429,5210,1834
"3518",86,34,51,48,3477,5261,1832
"3519",87,34,58,45,3522,5319,1842
"3520",88,34,68,66,3588,5387,1865
"3521",89,34,50,58,3646,5437,1849
"3522",90,34,56,48,3694,5493,1847
"3523",91,34,66,63,3757,5559,1865
"3524",92,34,42,72,3829,5601,1844
"3525",93,34,57,52,3881,5658,1829
"3526",94,34,70,48,3929,5728,1847
"3527",95,34,62,42,3971,5790,1861
"3528",96,34,51,48,4019,5841,1870
"3529",97,34,62,63,4082,5903,1884
"3530",98,34,66,59,4141,5969,1887
"3531",99,34,54,61,4202,6023,1882
"3532",100,34,65,59,4261,6088,1886
"3533",101,34,60,49,4310,6148,1887
"3534",102,34,68,50,4360,6216,1906
"3535",103,34,50,57,4417,6266,1906
"3536",104,34,27,36,4453,6293,1876
"3537",1,35,47,2,2,47,NA
"3538",2,35,71,7,9,118,116
"3539",3,35,61,10,19,179,170
"3540",4,35,53,18,37,232,213
"3541",5,35,55,25,62,287,250
"3542",6,35,50,25,87,337,275
"3543",7,35,65,21,108,402,315
"3544",8,35,60,21,129,462,354
"3545",9,35,68,30,159,530,401
"3546",10,35,58,27,186,588,429
"3547",11,35,52,30,216,640,454
"3548",12,35,66,27,243,706,490
"3549",13,35,70,32,275,776,533
"3550",14,35,59,21,296,835,560
"3551",15,35,63,35,331,898,602
"3552",16,35,57,21,352,955,624
"3553",17,35,56,37,389,1011,659
"3554",18,35,69,22,411,1080,691
"3555",19,35,57,29,440,1137,726
"3556",20,35,52,30,470,1189,749
"3557",21,35,66,36,506,1255,785
"3558",22,35,60,35,541,1315,809
"3559",23,35,61,38,579,1376,835
"3560",24,35,54,32,611,1430,851
"3561",25,35,73,38,649,1503,892
"3562",26,35,68,37,686,1571,922
"3563",27,35,52,30,716,1623,937
"3564",28,35,54,35,751,1677,961
"3565",29,35,48,29,780,1725,974
"3566",30,35,66,29,809,1791,1011
"3567",31,35,50,48,857,1841,1032
"3568",32,35,51,31,888,1892,1035
"3569",33,35,62,41,929,1954,1066
"3570",34,35,66,53,982,2020,1091
"3571",35,35,64,50,1032,2084,1102
"3572",36,35,56,45,1077,2140,1108
"3573",37,35,54,49,1126,2194,1117
"3574",38,35,49,36,1162,2243,1117
"3575",39,35,50,44,1206,2293,1131
"3576",40,35,62,42,1248,2355,1149
"3577",41,35,67,33,1281,2422,1174
"3578",42,35,42,36,1317,2464,1183
"3579",43,35,68,42,1359,2532,1215
"3580",44,35,69,52,1411,2601,1242
"3581",45,35,54,44,1455,2655,1244
"3582",46,35,63,48,1503,2718,1263
"3583",47,35,56,44,1547,2774,1271
"3584",48,35,66,32,1579,2840,1293
"3585",49,35,63,51,1630,2903,1324
"3586",50,35,55,31,1661,2958,1328
"3587",51,35,84,61,1722,3042,1381
"3588",52,35,57,45,1767,3099,1377
"3589",53,35,59,33,1800,3158,1391
"3590",54,35,72,39,1839,3230,1430
"3591",55,35,65,42,1881,3295,1456
"3592",56,35,62,37,1918,3357,1476
"3593",57,35,61,44,1962,3418,1500
"3594",58,35,68,40,2002,3486,1524
"3595",59,35,58,41,2043,3544,1542
"3596",60,35,56,54,2097,3600,1557
"3597",61,35,59,48,2145,3659,1562
"3598",62,35,61,38,2183,3720,1575
"3599",63,35,59,53,2236,3779,1596
"3600",64,35,56,47,2283,3835,1599
"3601",65,35,62,46,2329,3897,1614
"3602",66,35,48,43,2372,3945,1616
"3603",67,35,60,48,2420,4005,1633
"3604",68,35,60,56,2476,4065,1645
"3605",69,35,60,45,2521,4125,1649
"3606",70,35,58,54,2575,4183,1662
"3607",71,35,59,57,2632,4242,1667
"3608",72,35,61,54,2686,4303,1671
"3609",73,35,53,55,2741,4356,1670
"3610",74,35,51,56,2797,4407,1666
"3611",75,35,56,57,2854,4463,1666
"3612",76,35,64,50,2904,4527,1673
"3613",77,35,60,45,2949,4587,1683
"3614",78,35,59,57,3006,4646,1697
"3615",79,35,63,38,3044,4709,1703
"3616",80,35,70,51,3095,4779,1735
"3617",81,35,50,68,3163,4829,1734
"3618",82,35,70,64,3227,4899,1736
"3619",83,35,50,53,3280,4949,1722
"3620",84,35,68,44,3324,5017,1737
"3621",85,35,60,57,3381,5077,1753
"3622",86,35,59,59,3440,5136,1755
"3623",87,35,67,39,3479,5203,1763
"3624",88,35,63,62,3541,5266,1787
"3625",89,35,54,51,3592,5320,1779
"3626",90,35,66,49,3641,5386,1794
"3627",91,35,56,50,3691,5442,1801
"3628",92,35,59,47,3738,5501,1810
"3629",93,35,55,56,3794,5556,1818
"3630",94,35,58,63,3857,5614,1820
"3631",95,35,64,44,3901,5678,1821
"3632",96,35,48,67,3968,5726,1825
"3633",97,35,67,51,4019,5793,1825
"3634",98,35,49,51,4070,5842,1823
"3635",99,35,63,58,4128,5905,1835
"3636",100,35,72,63,4191,5977,1849
"3637",101,35,63,50,4241,6040,1849
"3638",102,35,65,54,4295,6105,1864
"3639",103,35,48,64,4359,6153,1858
"3640",104,35,36,28,4387,6189,1830
"3641",1,36,59,2,2,59,NA
"3642",2,36,61,8,10,120,118
"3643",3,36,59,14,24,179,169
"3644",4,36,65,20,44,244,220
"3645",5,36,53,23,67,297,253
"3646",6,36,61,20,87,358,291
"3647",7,36,54,19,106,412,325
"3648",8,36,58,23,129,470,364
"3649",9,36,58,36,165,528,399
"3650",10,36,65,26,191,593,428
"3651",11,36,58,28,219,651,460
"3652",12,36,73,21,240,724,505
"3653",13,36,58,23,263,782,542
"3654",14,36,61,35,298,843,580
"3655",15,36,51,24,322,894,596
"3656",16,36,47,25,347,941,619
"3657",17,36,61,31,378,1002,655
"3658",18,36,64,33,411,1066,688
"3659",19,36,59,31,442,1125,714
"3660",20,36,75,26,468,1200,758
"3661",21,36,61,35,503,1261,793
"3662",22,36,59,33,536,1320,817
"3663",23,36,57,30,566,1377,841
"3664",24,36,70,39,605,1447,881
"3665",25,36,68,32,637,1515,910
"3666",26,36,65,37,674,1580,943
"3667",27,36,74,34,708,1654,980
"3668",28,36,61,35,743,1715,1007
"3669",29,36,62,39,782,1777,1034
"3670",30,36,56,24,806,1833,1051
"3671",31,36,50,40,846,1883,1077
"3672",32,36,70,33,879,1953,1107
"3673",33,36,55,38,917,2008,1129
"3674",34,36,54,35,952,2062,1145
"3675",35,36,57,36,988,2119,1167
"3676",36,36,63,50,1038,2182,1194
"3677",37,36,55,47,1085,2237,1199
"3678",38,36,68,35,1120,2305,1220
"3679",39,36,59,34,1154,2364,1244
"3680",40,36,64,44,1198,2428,1274
"3681",41,36,77,45,1243,2505,1307
"3682",42,36,52,41,1284,2557,1314
"3683",43,36,76,45,1329,2633,1349
"3684",44,36,65,58,1387,2698,1369
"3685",45,36,70,37,1424,2768,1381
"3686",46,36,69,50,1474,2837,1413
"3687",47,36,69,48,1522,2906,1432
"3688",48,36,63,36,1558,2969,1447
"3689",49,36,59,43,1601,3028,1470
"3690",50,36,62,53,1654,3090,1489
"3691",51,36,61,51,1705,3151,1497
"3692",52,36,54,39,1744,3205,1500
"3693",53,36,51,53,1797,3256,1512
"3694",54,36,52,41,1838,3308,1511
"3695",55,36,58,52,1890,3366,1528
"3696",56,36,59,49,1939,3425,1535
"3697",57,36,43,52,1991,3468,1529
"3698",58,36,64,56,2047,3532,1541
"3699",59,36,58,56,2103,3590,1543
"3700",60,36,70,47,2150,3660,1557
"3701",61,36,65,42,2192,3725,1575
"3702",62,36,65,46,2238,3790,1598
"3703",63,36,63,58,2296,3853,1615
"3704",64,36,67,46,2342,3920,1624
"3705",65,36,61,61,2403,3981,1639
"3706",66,36,59,47,2450,4040,1637
"3707",67,36,66,51,2501,4106,1656
"3708",68,36,55,59,2560,4161,1660
"3709",69,36,82,56,2616,4243,1683
"3710",70,36,59,51,2667,4302,1686
"3711",71,36,55,46,2713,4357,1690
"3712",72,36,67,48,2761,4424,1711
"3713",73,36,61,65,2826,4485,1724
"3714",74,36,57,41,2867,4542,1716
"3715",75,36,77,47,2914,4619,1752
"3716",76,36,55,50,2964,4674,1760
"3717",77,36,58,50,3014,4732,1768
"3718",78,36,70,37,3051,4802,1788
"3719",79,36,67,64,3115,4869,1818
"3720",80,36,61,37,3152,4930,1815
"3721",81,36,62,60,3212,4992,1840
"3722",82,36,64,63,3275,5056,1844
"3723",83,36,63,70,3345,5119,1844
"3724",84,36,64,50,3395,5183,1838
"3725",85,36,64,53,3448,5247,1852
"3726",86,36,66,69,3517,5313,1865
"3727",87,36,51,44,3561,5364,1847
"3728",88,36,43,55,3616,5407,1846
"3729",89,36,43,52,3668,5450,1834
"3730",90,36,59,71,3739,5509,1841
"3731",91,36,72,52,3791,5581,1842
"3732",92,36,57,53,3844,5638,1847
"3733",93,36,60,63,3907,5698,1854
"3734",94,36,68,57,3964,5766,1859
"3735",95,36,71,53,4017,5837,1873
"3736",96,36,56,47,4064,5893,1876
"3737",97,36,57,51,4115,5950,1886
"3738",98,36,59,61,4176,6009,1894
"3739",99,36,58,51,4227,6067,1891
"3740",100,36,52,61,4288,6119,1892
"3741",101,36,64,51,4339,6183,1895
"3742",102,36,57,57,4396,6240,1901
"3743",103,36,64,66,4462,6304,1908
"3744",104,36,22,23,4485,6326,1864
"3745",1,37,65,4,4,65,NA
"3746",2,37,50,8,12,115,111
"3747",3,37,66,9,21,181,169
"3748",4,37,64,17,38,245,224
"3749",5,37,67,35,73,312,274
"3750",6,37,53,20,93,365,292
"3751",7,37,56,24,117,421,328
"3752",8,37,73,27,144,494,377
"3753",9,37,66,22,166,560,416
"3754",10,37,66,31,197,626,460
"3755",11,37,53,29,226,679,482
"3756",12,37,56,23,249,735,509
"3757",13,37,62,31,280,797,548
"3758",14,37,57,19,299,854,574
"3759",15,37,63,33,332,917,618
"3760",16,37,60,43,375,977,645
"3761",17,37,67,45,420,1044,669
"3762",18,37,68,28,448,1112,692
"3763",19,37,63,40,488,1175,727
"3764",20,37,56,25,513,1231,743
"3765",21,37,51,30,543,1282,769
"3766",22,37,66,27,570,1348,805
"3767",23,37,62,28,598,1410,840
"3768",24,37,58,24,622,1468,870
"3769",25,37,66,26,648,1534,912
"3770",26,37,59,44,692,1593,945
"3771",27,37,58,19,711,1651,959
"3772",28,37,63,42,753,1714,1003
"3773",29,37,65,43,796,1779,1026
"3774",30,37,58,24,820,1837,1041
"3775",31,37,78,36,856,1915,1095
"3776",32,37,62,37,893,1977,1121
"3777",33,37,54,27,920,2031,1138
"3778",34,37,70,42,962,2101,1181
"3779",35,37,58,35,997,2159,1197
"3780",36,37,69,47,1044,2228,1231
"3781",37,37,61,36,1080,2289,1245
"3782",38,37,55,32,1112,2344,1264
"3783",39,37,51,43,1155,2395,1283
"3784",40,37,48,30,1185,2443,1288
"3785",41,37,49,45,1230,2492,1307
"3786",42,37,57,43,1273,2549,1319
"3787",43,37,65,43,1316,2614,1341
"3788",44,37,59,38,1354,2673,1357
"3789",45,37,59,54,1408,2732,1378
"3790",46,37,68,61,1469,2800,1392
"3791",47,37,52,52,1521,2852,1383
"3792",48,37,60,43,1564,2912,1391
"3793",49,37,69,39,1603,2981,1417
"3794",50,37,53,48,1651,3034,1431
"3795",51,37,67,48,1699,3101,1450
"3796",52,37,66,47,1746,3167,1468
"3797",53,37,51,36,1782,3218,1472
"3798",54,37,64,41,1823,3282,1500
"3799",55,37,55,49,1872,3337,1514
"3800",56,37,57,53,1925,3394,1522
"3801",57,37,62,52,1977,3456,1531
"3802",58,37,66,48,2025,3522,1545
"3803",59,37,56,46,2071,3578,1553
"3804",60,37,53,45,2116,3631,1560
"3805",61,37,56,57,2173,3687,1571
"3806",62,37,65,55,2228,3752,1579
"3807",63,37,68,51,2279,3820,1592
"3808",64,37,63,40,2319,3883,1604
"3809",65,37,70,42,2361,3953,1634
"3810",66,37,59,38,2399,4012,1651
"3811",67,37,66,45,2444,4078,1679
"3812",68,37,66,61,2505,4144,1700
"3813",69,37,62,47,2552,4206,1701
"3814",70,37,62,56,2608,4268,1716
"3815",71,37,55,55,2663,4323,1715
"3816",72,37,60,43,2706,4383,1720
"3817",73,37,65,45,2751,4448,1742
"3818",74,37,70,58,2809,4518,1767
"3819",75,37,68,58,2867,4586,1777
"3820",76,37,62,38,2905,4648,1781
"3821",77,37,73,52,2957,4721,1816
"3822",78,37,64,53,3010,4785,1828
"3823",79,37,60,60,3070,4845,1835
"3824",80,37,61,46,3116,4906,1836
"3825",81,37,48,51,3167,4954,1838
"3826",82,37,52,56,3223,5006,1839
"3827",83,37,64,52,3275,5070,1847
"3828",84,37,55,65,3340,5125,1850
"3829",85,37,62,52,3392,5187,1847
"3830",86,37,56,47,3439,5243,1851
"3831",87,37,68,62,3501,5311,1872
"3832",88,37,64,54,3555,5375,1874
"3833",89,37,56,59,3614,5431,1876
"3834",90,37,53,43,3657,5484,1870
"3835",91,37,40,68,3725,5524,1867
"3836",92,37,52,60,3785,5576,1851
"3837",93,37,54,66,3851,5630,1845
"3838",94,37,48,44,3895,5678,1827
"3839",95,37,56,55,3950,5734,1839
"3840",96,37,86,58,4008,5820,1870
"3841",97,37,65,54,4062,5885,1877
"3842",98,37,60,57,4119,5945,1883
"3843",99,37,52,66,4185,5997,1878
"3844",100,37,56,64,4249,6053,1868
"3845",101,37,59,50,4299,6112,1863
"3846",102,37,60,68,4367,6172,1873
"3847",103,37,56,56,4423,6228,1861
"3848",104,37,22,31,4454,6250,1827
"3849",1,38,64,3,3,64,NA
"3850",2,38,44,7,10,108,105
"3851",3,38,56,12,22,164,154
"3852",4,38,61,21,43,225,203
"3853",5,38,55,15,58,280,237
"3854",6,38,61,22,80,341,283
"3855",7,38,50,24,104,391,311
"3856",8,38,66,20,124,457,353
"3857",9,38,60,36,160,517,393
"3858",10,38,62,32,192,579,419
"3859",11,38,57,31,223,636,444
"3860",12,38,58,17,240,694,471
"3861",13,38,73,28,268,767,527
"3862",14,38,72,25,293,839,571
"3863",15,38,62,28,321,901,608
"3864",16,38,55,26,347,956,635
"3865",17,38,54,23,370,1010,663
"3866",18,38,39,21,391,1049,679
"3867",19,38,52,34,425,1101,710
"3868",20,38,75,27,452,1176,751
"3869",21,38,63,27,479,1239,787
"3870",22,38,56,34,513,1295,816
"3871",23,38,63,37,550,1358,845
"3872",24,38,62,34,584,1420,870
"3873",25,38,59,33,617,1479,895
"3874",26,38,69,26,643,1548,931
"3875",27,38,58,36,679,1606,963
"3876",28,38,75,41,720,1681,1002
"3877",29,38,53,35,755,1734,1014
"3878",30,38,63,45,800,1797,1042
"3879",31,38,74,42,842,1871,1071
"3880",32,38,60,26,868,1931,1089
"3881",33,38,47,21,889,1978,1110
"3882",34,38,68,35,924,2046,1157
"3883",35,38,56,35,959,2102,1178
"3884",36,38,65,40,999,2167,1208
"3885",37,38,32,42,1041,2199,1200
"3886",38,38,59,45,1086,2258,1217
"3887",39,38,52,39,1125,2310,1224
"3888",40,38,68,57,1182,2378,1253
"3889",41,38,52,39,1221,2430,1248
"3890",42,38,65,39,1260,2495,1274
"3891",43,38,52,38,1298,2547,1287
"3892",44,38,60,59,1357,2607,1309
"3893",45,38,65,42,1399,2672,1315
"3894",46,38,67,44,1443,2739,1340
"3895",47,38,53,46,1489,2792,1349
"3896",48,38,57,33,1522,2849,1360
"3897",49,38,66,50,1572,2915,1393
"3898",50,38,59,43,1615,2974,1402
"3899",51,38,55,51,1666,3029,1414
"3900",52,38,56,39,1705,3085,1419
"3901",53,38,47,47,1752,3132,1427
"3902",54,38,62,44,1796,3194,1442
"3903",55,38,58,60,1856,3252,1456
"3904",56,38,52,47,1903,3304,1448
"3905",57,38,56,41,1944,3360,1457
"3906",58,38,52,33,1977,3412,1468
"3907",59,38,65,39,2016,3477,1500
"3908",60,38,70,45,2061,3547,1531
"3909",61,38,58,50,2111,3605,1544
"3910",62,38,63,43,2154,3668,1557
"3911",63,38,77,43,2197,3745,1591
"3912",64,38,64,52,2249,3809,1612
"3913",65,38,65,44,2293,3874,1625
"3914",66,38,55,43,2336,3929,1636
"3915",67,38,51,49,2385,3980,1644
"3916",68,38,62,69,2454,4042,1657
"3917",69,38,60,56,2510,4102,1648
"3918",70,38,49,45,2555,4151,1641
"3919",71,38,55,43,2598,4206,1651
"3920",72,38,76,51,2649,4282,1684
"3921",73,38,65,49,2698,4347,1698
"3922",74,38,45,46,2744,4392,1694
"3923",75,38,61,58,2802,4453,1709
"3924",76,38,63,58,2860,4516,1714
"3925",77,38,69,40,2900,4585,1725
"3926",78,38,49,62,2962,4634,1734
"3927",79,38,54,52,3014,4688,1726
"3928",80,38,56,55,3069,4744,1730
"3929",81,38,53,41,3110,4797,1728
"3930",82,38,48,50,3160,4845,1735
"3931",83,38,59,57,3217,4904,1744
"3932",84,38,67,65,3282,4971,1754
"3933",85,38,68,61,3343,5039,1757
"3934",86,38,61,65,3408,5100,1757
"3935",87,38,60,68,3476,5160,1752
"3936",88,38,70,70,3546,5230,1754
"3937",89,38,61,65,3611,5291,1745
"3938",90,38,60,43,3654,5351,1740
"3939",91,38,49,54,3708,5400,1746
"3940",92,38,62,46,3754,5462,1754
"3941",93,38,52,62,3816,5514,1760
"3942",94,38,59,59,3875,5573,1757
"3943",95,38,52,64,3939,5625,1750
"3944",96,38,56,66,4005,5681,1742
"3945",97,38,69,47,4052,5750,1745
"3946",98,38,65,62,4114,5815,1763
"3947",99,38,68,61,4175,5883,1769
"3948",100,38,53,66,4241,5936,1761
"3949",101,38,67,57,4298,6003,1762
"3950",102,38,71,61,4359,6074,1776
"3951",103,38,57,55,4414,6131,1772
"3952",104,38,34,22,4436,6165,1751
"3953",1,39,63,5,5,63,NA
"3954",2,39,63,8,13,126,121
"3955",3,39,63,14,27,189,176
"3956",4,39,65,18,45,254,227
"3957",5,39,62,24,69,316,271
"3958",6,39,65,17,86,381,312
"3959",7,39,38,25,111,419,333
"3960",8,39,68,22,133,487,376
"3961",9,39,53,22,155,540,407
"3962",10,39,57,30,185,597,442
"3963",11,39,51,23,208,648,463
"3964",12,39,59,33,241,707,499
"3965",13,39,70,36,277,777,536
"3966",14,39,66,28,305,843,566
"3967",15,39,73,28,333,916,611
"3968",16,39,69,29,362,985,652
"3969",17,39,55,37,399,1040,678
"3970",18,39,61,29,428,1101,702
"3971",19,39,54,36,464,1155,727
"3972",20,39,56,32,496,1211,747
"3973",21,39,63,27,523,1274,778
"3974",22,39,54,31,554,1328,805
"3975",23,39,61,38,592,1389,835
"3976",24,39,69,34,626,1458,866
"3977",25,39,66,22,648,1524,898
"3978",26,39,56,44,692,1580,932
"3979",27,39,70,34,726,1650,958
"3980",28,39,71,37,763,1721,995
"3981",29,39,55,37,800,1776,1013
"3982",30,39,59,45,845,1835,1035
"3983",31,39,62,45,890,1897,1052
"3984",32,39,56,39,929,1953,1063
"3985",33,39,58,41,970,2011,1082
"3986",34,39,59,44,1014,2070,1100
"3987",35,39,64,36,1050,2134,1120
"3988",36,39,46,38,1088,2180,1130
"3989",37,39,53,43,1131,2233,1145
"3990",38,39,67,37,1168,2300,1169
"3991",39,39,54,39,1207,2354,1186
"3992",40,39,63,28,1235,2417,1210
"3993",41,39,49,36,1271,2466,1231
"3994",42,39,71,49,1320,2537,1266
"3995",43,39,55,36,1356,2592,1272
"3996",44,39,62,52,1408,2654,1298
"3997",45,39,61,36,1444,2715,1307
"3998",46,39,55,42,1486,2770,1326
"3999",47,39,46,48,1534,2816,1330
"4000",48,39,54,36,1570,2870,1336
"4001",49,39,74,35,1605,2944,1374
"4002",50,39,56,52,1657,3000,1395
"4003",51,39,57,58,1715,3057,1400
"4004",52,39,68,44,1759,3125,1410
"4005",53,39,67,36,1795,3192,1433
"4006",54,39,55,40,1835,3247,1452
"4007",55,39,55,44,1879,3302,1467
"4008",56,39,61,48,1927,3363,1484
"4009",57,39,59,47,1974,3422,1495
"4010",58,39,79,36,2010,3501,1527
"4011",59,39,55,39,2049,3556,1546
"4012",60,39,66,53,2102,3622,1573
"4013",61,39,53,39,2141,3675,1573
"4014",62,39,61,42,2183,3736,1595
"4015",63,39,69,50,2233,3805,1622
"4016",64,39,63,59,2292,3868,1635
"4017",65,39,67,45,2337,3935,1643
"4018",66,39,63,55,2392,3998,1661
"4019",67,39,71,37,2429,4069,1677
"4020",68,39,64,37,2466,4133,1704
"4021",69,39,59,50,2516,4192,1726
"4022",70,39,55,44,2560,4247,1731
"4023",71,39,70,51,2611,4317,1757
"4024",72,39,59,59,2670,4376,1765
"4025",73,39,52,56,2726,4428,1758
"4026",74,39,52,43,2769,4480,1754
"4027",75,39,65,39,2808,4545,1776
"4028",76,39,59,64,2872,4604,1796
"4029",77,39,58,46,2918,4662,1790
"4030",78,39,58,54,2972,4720,1802
"4031",79,39,70,60,3032,4790,1818
"4032",80,39,66,53,3085,4856,1824
"4033",81,39,62,47,3132,4918,1833
"4034",82,39,53,50,3182,4971,1839
"4035",83,39,54,59,3241,5025,1843
"4036",84,39,47,41,3282,5072,1831
"4037",85,39,54,58,3340,5126,1844
"4038",86,39,69,56,3396,5195,1855
"4039",87,39,59,68,3464,5254,1858
"4040",88,39,44,50,3514,5298,1834
"4041",89,39,62,53,3567,5360,1846
"4042",90,39,45,51,3618,5405,1838
"4043",91,39,64,65,3683,5469,1851
"4044",92,39,51,58,3741,5520,1837
"4045",93,39,70,66,3807,5590,1849
"4046",94,39,52,54,3861,5642,1835
"4047",95,39,55,54,3915,5697,1836
"4048",96,39,70,60,3975,5767,1852
"4049",97,39,56,58,4033,5823,1848
"4050",98,39,54,51,4084,5877,1844
"4051",99,39,47,57,4141,5924,1840
"4052",100,39,70,63,4204,5994,1853
"4053",101,39,53,71,4275,6047,1843
"4054",102,39,66,45,4320,6113,1838
"4055",103,39,53,66,4386,6166,1846
"4056",104,39,19,26,4412,6185,1799
"4057",1,40,63,4,4,63,NA
"4058",2,40,52,7,11,115,111
"4059",3,40,56,19,30,171,160
"4060",4,40,65,14,44,236,206
"4061",5,40,58,17,61,294,250
"4062",6,40,62,29,90,356,295
"4063",7,40,55,22,112,411,321
"4064",8,40,57,25,137,468,356
"4065",9,40,78,33,170,546,409
"4066",10,40,79,25,195,625,455
"4067",11,40,66,32,227,691,496
"4068",12,40,74,30,257,765,538
"4069",13,40,77,29,286,842,585
"4070",14,40,49,30,316,891,605
"4071",15,40,59,22,338,950,634
"4072",16,40,72,31,369,1022,684
"4073",17,40,73,28,397,1095,726
"4074",18,40,68,33,430,1163,766
"4075",19,40,55,28,458,1218,788
"4076",20,40,65,34,492,1283,825
"4077",21,40,61,24,516,1344,852
"4078",22,40,73,43,559,1417,901
"4079",23,40,52,28,587,1469,910
"4080",24,40,60,33,620,1529,942
"4081",25,40,58,28,648,1587,967
"4082",26,40,61,28,676,1648,1000
"4083",27,40,58,33,709,1706,1030
"4084",28,40,63,38,747,1769,1060
"4085",29,40,77,50,797,1846,1099
"4086",30,40,62,47,844,1908,1111
"4087",31,40,53,35,879,1961,1117
"4088",32,40,56,38,917,2017,1138
"4089",33,40,64,44,961,2081,1164
"4090",34,40,68,40,1001,2149,1188
"4091",35,40,52,50,1051,2201,1200
"4092",36,40,61,44,1095,2262,1211
"4093",37,40,77,30,1125,2339,1244
"4094",38,40,50,37,1162,2389,1264
"4095",39,40,68,27,1189,2457,1295
"4096",40,40,54,50,1239,2511,1322
"4097",41,40,64,58,1297,2575,1336
"4098",42,40,48,39,1336,2623,1326
"4099",43,40,65,32,1368,2688,1352
"4100",44,40,56,33,1401,2744,1376
"4101",45,40,51,47,1448,2795,1394
"4102",46,40,63,51,1499,2858,1410
"4103",47,40,62,42,1541,2920,1421
"4104",48,40,79,41,1582,2999,1458
"4105",49,40,55,47,1629,3054,1472
"4106",50,40,46,43,1672,3100,1471
"4107",51,40,57,44,1716,3157,1485
"4108",52,40,59,48,1764,3216,1500
"4109",53,40,60,55,1819,3276,1512
"4110",54,40,52,52,1871,3328,1509
"4111",55,40,66,46,1917,3394,1523
"4112",56,40,59,50,1967,3453,1536
"4113",57,40,54,49,2016,3507,1540
"4114",58,40,59,35,2051,3566,1550
"4115",59,40,48,43,2094,3614,1563
"4116",60,40,48,38,2132,3662,1568
"4117",61,40,71,36,2168,3733,1601
"4118",62,40,61,50,2218,3794,1626
"4119",63,40,50,49,2267,3844,1626
"4120",64,40,62,54,2321,3906,1639
"4121",65,40,61,43,2364,3967,1646
"4122",66,40,65,52,2416,4032,1668
"4123",67,40,58,58,2474,4090,1674
"4124",68,40,66,55,2529,4156,1682
"4125",69,40,62,62,2591,4218,1689
"4126",70,40,52,54,2645,4270,1679
"4127",71,40,64,45,2690,4334,1689
"4128",72,40,69,62,2752,4403,1713
"4129",73,40,74,61,2813,4477,1725
"4130",74,40,49,54,2867,4526,1713
"4131",75,40,50,53,2920,4576,1709
"4132",76,40,58,48,2968,4634,1714
"4133",77,40,51,50,3018,4685,1717
"4134",78,40,47,49,3067,4732,1714
"4135",79,40,58,51,3118,4790,1723
"4136",80,40,76,53,3171,4866,1748
"4137",81,40,66,51,3222,4932,1761
"4138",82,40,55,55,3277,4987,1765
"4139",83,40,50,63,3340,5037,1760
"4140",84,40,57,64,3404,5094,1754
"4141",85,40,62,69,3473,5156,1752
"4142",86,40,62,54,3527,5218,1745
"4143",87,40,59,56,3583,5277,1750
"4144",88,40,55,55,3638,5332,1749
"4145",89,40,50,46,3684,5382,1744
"4146",90,40,71,49,3733,5453,1769
"4147",91,40,63,52,3785,5516,1783
"4148",92,40,62,50,3835,5578,1793
"4149",93,40,52,58,3893,5630,1795
"4150",94,40,60,59,3952,5690,1797
"4151",95,40,46,54,4006,5736,1784
"4152",96,40,56,39,4045,5792,1786
"4153",97,40,75,49,4094,5867,1822
"4154",98,40,52,48,4142,5919,1825
"4155",99,40,56,43,4185,5975,1833
"4156",100,40,64,50,4235,6039,1854
"4157",101,40,63,63,4298,6102,1867
"4158",102,40,63,63,4361,6165,1867
"4159",103,40,71,51,4412,6236,1875
"4160",104,40,36,27,4439,6272,1860
"4161",1,41,71,8,8,71,NA
"4162",2,41,62,5,13,133,125
"4163",3,41,73,10,23,206,193
"4164",4,41,50,29,52,256,233
"4165",5,41,49,28,80,305,253
"4166",6,41,47,28,108,352,272
"4167",7,41,59,26,134,411,303
"4168",8,41,57,22,156,468,334
"4169",9,41,58,22,178,526,370
"4170",10,41,69,34,212,595,417
"4171",11,41,61,25,237,656,444
"4172",12,41,53,27,264,709,472
"4173",13,41,46,24,288,755,491
"4174",14,41,63,26,314,818,530
"4175",15,41,64,29,343,882,568
"4176",16,41,50,28,371,932,589
"4177",17,41,55,27,398,987,616
"4178",18,41,56,29,427,1043,645
"4179",19,41,64,27,454,1107,680
"4180",20,41,64,21,475,1171,717
"4181",21,41,55,44,519,1226,751
"4182",22,41,59,26,545,1285,766
"4183",23,41,52,38,583,1337,792
"4184",24,41,64,40,623,1401,818
"4185",25,41,55,44,667,1456,833
"4186",26,41,53,23,690,1509,842
"4187",27,41,69,35,725,1578,888
"4188",28,41,61,40,765,1639,914
"4189",29,41,49,21,786,1688,923
"4190",30,41,57,31,817,1745,959
"4191",31,41,53,33,850,1798,981
"4192",32,41,63,37,887,1861,1011
"4193",33,41,54,38,925,1915,1028
"4194",34,41,65,47,972,1980,1055
"4195",35,41,66,48,1020,2046,1074
"4196",36,41,59,32,1052,2105,1085
"4197",37,41,58,46,1098,2163,1111
"4198",38,41,57,44,1142,2220,1122
"4199",39,41,58,34,1176,2278,1136
"4200",40,41,44,39,1215,2322,1146
"4201",41,41,55,34,1249,2377,1162
"4202",42,41,57,45,1294,2434,1185
"4203",43,41,77,42,1336,2511,1217
"4204",44,41,62,42,1378,2573,1237
"4205",45,41,48,40,1418,2621,1243
"4206",46,41,56,34,1452,2677,1259
"4207",47,41,53,37,1489,2730,1278
"4208",48,41,54,50,1539,2784,1295
"4209",49,41,61,50,1589,2845,1306
"4210",50,41,48,49,1638,2893,1304
"4211",51,41,52,41,1679,2945,1307
"4212",52,41,57,46,1725,3002,1323
"4213",53,41,62,33,1758,3064,1339
"4214",54,41,59,38,1796,3123,1365
"4215",55,41,70,44,1840,3193,1397
"4216",56,41,59,47,1887,3252,1412
"4217",57,41,58,48,1935,3310,1423
"4218",58,41,63,28,1963,3373,1438
"4219",59,41,61,50,2013,3434,1471
"4220",60,41,57,39,2052,3491,1478
"4221",61,41,72,49,2101,3563,1511
"4222",62,41,61,50,2151,3624,1523
"4223",63,41,58,37,2188,3682,1531
"4224",64,41,56,44,2232,3738,1550
"4225",65,41,51,47,2279,3789,1557
"4226",66,41,44,53,2332,3833,1554
"4227",67,41,62,47,2379,3895,1563
"4228",68,41,63,52,2431,3958,1579
"4229",69,41,45,48,2479,4003,1572
"4230",70,41,61,52,2531,4064,1585
"4231",71,41,54,43,2574,4118,1587
"4232",72,41,62,43,2617,4180,1606
"4233",73,41,53,40,2657,4233,1616
"4234",74,41,49,53,2710,4282,1625
"4235",75,41,62,53,2763,4344,1634
"4236",76,41,52,38,2801,4396,1633
"4237",77,41,56,68,2869,4452,1651
"4238",78,41,52,55,2924,4504,1635
"4239",79,41,61,60,2984,4565,1641
"4240",80,41,64,43,3027,4629,1645
"4241",81,41,54,43,3070,4683,1656
"4242",82,41,51,48,3118,4734,1664
"4243",83,41,56,47,3165,4790,1672
"4244",84,41,72,56,3221,4862,1697
"4245",85,41,62,58,3279,4924,1703
"4246",86,41,70,42,3321,4994,1715
"4247",87,41,74,57,3378,5068,1747
"4248",88,41,58,40,3418,5126,1748
"4249",89,41,65,61,3479,5191,1773
"4250",90,41,54,61,3540,5245,1766
"4251",91,41,49,59,3599,5294,1754
"4252",92,41,71,62,3661,5365,1766
"4253",93,41,57,49,3710,5422,1761
"4254",94,41,55,43,3753,5477,1767
"4255",95,41,68,55,3808,5545,1792
"4256",96,41,62,60,3868,5607,1799
"4257",97,41,56,48,3916,5663,1795
"4258",98,41,65,58,3974,5728,1812
"4259",99,41,68,58,4032,5796,1822
"4260",100,41,62,47,4079,5858,1826
"4261",101,41,59,50,4129,5917,1838
"4262",102,41,51,61,4190,5968,1839
"4263",103,41,61,62,4252,6029,1839
"4264",104,41,25,33,4285,6054,1802
"4265",1,42,57,3,3,57,NA
"4266",2,42,56,2,5,113,110
"4267",3,42,57,13,18,170,165
"4268",4,42,50,17,35,220,202
"4269",5,42,53,30,65,273,238
"4270",6,42,51,22,87,324,259
"4271",7,42,55,30,117,379,292
"4272",8,42,73,21,138,452,335
"4273",9,42,59,27,165,511,373
"4274",10,42,66,27,192,577,412
"4275",11,42,54,15,207,631,439
"4276",12,42,69,28,235,700,493
"4277",13,42,47,32,267,747,512
"4278",14,42,50,37,304,797,530
"4279",15,42,53,27,331,850,546
"4280",16,42,69,35,366,919,588
"4281",17,42,59,28,394,978,612
"4282",18,42,49,27,421,1027,633
"4283",19,42,58,32,453,1085,664
"4284",20,42,57,33,486,1142,689
"4285",21,42,63,38,524,1205,719
"4286",22,42,62,38,562,1267,743
"4287",23,42,53,25,587,1320,758
"4288",24,42,72,36,623,1392,805
"4289",25,42,56,31,654,1448,825
"4290",26,42,72,39,693,1520,866
"4291",27,42,62,40,733,1582,889
"4292",28,42,64,34,767,1646,913
"4293",29,42,68,33,800,1714,947
"4294",30,42,71,31,831,1785,985
"4295",31,42,57,35,866,1842,1011
"4296",32,42,70,35,901,1912,1046
"4297",33,42,50,50,951,1962,1061
"4298",34,42,59,28,979,2021,1070
"4299",35,42,52,38,1017,2073,1094
"4300",36,42,52,30,1047,2125,1108
"4301",37,42,63,43,1090,2188,1141
"4302",38,42,66,45,1135,2254,1164
"4303",39,42,59,44,1179,2313,1178
"4304",40,42,70,36,1215,2383,1204
"4305",41,42,57,38,1253,2440,1225
"4306",42,42,68,42,1295,2508,1255
"4307",43,42,64,39,1334,2572,1277
"4308",44,42,53,45,1379,2625,1291
"4309",45,42,53,40,1419,2678,1299
"4310",46,42,63,42,1461,2741,1322
"4311",47,42,61,34,1495,2802,1341
"4312",48,42,64,41,1536,2866,1371
"4313",49,42,39,37,1573,2905,1369
"4314",50,42,49,46,1619,2954,1381
"4315",51,42,60,50,1669,3014,1395
"4316",52,42,61,40,1709,3075,1406
"4317",53,42,65,57,1766,3140,1431
"4318",54,42,61,43,1809,3201,1435
"4319",55,42,58,44,1853,3259,1450
"4320",56,42,39,49,1902,3298,1445
"4321",57,42,58,51,1953,3356,1454
"4322",58,42,58,45,1998,3414,1461
"4323",59,42,68,46,2044,3482,1484
"4324",60,42,46,45,2089,3528,1484
"4325",61,42,66,41,2130,3594,1505
"4326",62,42,48,58,2188,3642,1512
"4327",63,42,64,44,2232,3706,1518
"4328",64,42,56,56,2288,3762,1530
"4329",65,42,50,41,2329,3812,1524
"4330",66,42,55,41,2370,3867,1538
"4331",67,42,56,46,2416,3923,1553
"4332",68,42,62,47,2463,3985,1569
"4333",69,42,60,39,2502,4045,1582
"4334",70,42,64,54,2556,4109,1607
"4335",71,42,44,43,2599,4153,1597
"4336",72,42,64,45,2644,4217,1618
"4337",73,42,58,49,2693,4275,1631
"4338",74,42,56,59,2752,4331,1638
"4339",75,42,56,42,2794,4387,1635
"4340",76,42,60,58,2852,4447,1653
"4341",77,42,59,65,2917,4506,1654
"4342",78,42,65,56,2973,4571,1654
"4343",79,42,78,49,3022,4649,1676
"4344",80,42,64,50,3072,4713,1691
"4345",81,42,58,49,3121,4771,1699
"4346",82,42,60,48,3169,4831,1710
"4347",83,42,69,52,3221,4900,1731
"4348",84,42,56,62,3283,4956,1735
"4349",85,42,60,47,3330,5016,1733
"4350",86,42,73,58,3388,5089,1759
"4351",87,42,64,49,3437,5153,1765
"4352",88,42,58,48,3485,5211,1774
"4353",89,42,68,61,3546,5279,1794
"4354",90,42,59,65,3611,5338,1792
"4355",91,42,63,54,3665,5401,1790
"4356",92,42,54,55,3720,5455,1790
"4357",93,42,54,41,3761,5509,1789
"4358",94,42,64,40,3801,5573,1812
"4359",95,42,45,62,3863,5618,1817
"4360",96,42,60,68,3931,5678,1815
"4361",97,42,67,47,3978,5745,1814
"4362",98,42,56,50,4028,5801,1823
"4363",99,42,57,57,4085,5858,1830
"4364",100,42,70,57,4142,5928,1843
"4365",101,42,61,58,4200,5989,1847
"4366",102,42,68,58,4258,6057,1857
"4367",103,42,52,70,4328,6109,1851
"4368",104,42,25,29,4357,6134,1806
"4369",1,43,59,5,5,59,NA
"4370",2,43,68,9,14,127,122
"4371",3,43,59,7,21,186,172
"4372",4,43,59,21,42,245,224
"4373",5,43,68,27,69,313,271
"4374",6,43,55,26,95,368,299
"4375",7,43,58,28,123,426,331
"4376",8,43,72,23,146,498,375
"4377",9,43,63,30,176,561,415
"4378",10,43,51,42,218,612,436
"4379",11,43,59,18,236,671,453
"4380",12,43,63,30,266,734,498
"4381",13,43,68,23,289,802,536
"4382",14,43,62,22,311,864,575
"4383",15,43,56,32,343,920,609
"4384",16,43,58,31,374,978,635
"4385",17,43,68,31,405,1046,672
"4386",18,43,58,24,429,1104,699
"4387",19,43,70,37,466,1174,745
"4388",20,43,60,28,494,1234,768
"4389",21,43,67,32,526,1301,807
"4390",22,43,56,30,556,1357,831
"4391",23,43,51,50,606,1408,852
"4392",24,43,66,31,637,1474,868
"4393",25,43,61,32,669,1535,898
"4394",26,43,50,33,702,1585,916
"4395",27,43,54,34,736,1639,937
"4396",28,43,56,49,785,1695,959
"4397",29,43,60,29,814,1755,970
"4398",30,43,67,38,852,1822,1008
"4399",31,43,60,31,883,1882,1030
"4400",32,43,60,33,916,1942,1059
"4401",33,43,63,40,956,2005,1089
"4402",34,43,67,37,993,2072,1116
"4403",35,43,71,42,1035,2143,1150
"4404",36,43,70,36,1071,2213,1178
"4405",37,43,56,44,1115,2269,1198
"4406",38,43,55,35,1150,2324,1209
"4407",39,43,56,39,1189,2380,1230
"4408",40,43,47,48,1237,2427,1238
"4409",41,43,58,35,1272,2485,1248
"4410",42,43,51,41,1313,2536,1264
"4411",43,43,55,47,1360,2591,1278
"4412",44,43,55,55,1415,2646,1286
"4413",45,43,53,49,1464,2699,1284
"4414",46,43,60,51,1515,2759,1295
"4415",47,43,58,34,1549,2817,1302
"4416",48,43,59,39,1588,2876,1327
"4417",49,43,58,43,1631,2934,1346
"4418",50,43,66,50,1681,3000,1369
"4419",51,43,68,45,1726,3068,1387
"4420",52,43,48,39,1765,3116,1390
"4421",53,43,54,57,1822,3170,1405
"4422",54,43,72,44,1866,3242,1420
"4423",55,43,54,48,1914,3296,1430
"4424",56,43,60,57,1971,3356,1442
"4425",57,43,62,47,2018,3418,1447
"4426",58,43,60,37,2055,3478,1460
"4427",59,43,57,35,2090,3535,1480
"4428",60,43,62,41,2131,3597,1507
"4429",61,43,54,38,2169,3651,1520
"4430",62,43,52,54,2223,3703,1534
"4431",63,43,50,50,2273,3753,1530
"4432",64,43,78,47,2320,3831,1558
"4433",65,43,85,57,2377,3916,1596
"4434",66,43,61,54,2431,3977,1600
"4435",67,43,66,57,2488,4043,1612
"4436",68,43,51,62,2550,4094,1606
"4437",69,43,55,53,2603,4149,1599
"4438",70,43,55,49,2652,4204,1601
"4439",71,43,62,44,2696,4266,1614
"4440",72,43,62,54,2750,4328,1632
"4441",73,43,52,46,2796,4380,1630
"4442",74,43,53,59,2855,4433,1637
"4443",75,43,58,60,2915,4491,1636
"4444",76,43,56,48,2963,4547,1632
"4445",77,43,74,58,3021,4621,1658
"4446",78,43,52,45,3066,4673,1652
"4447",79,43,64,53,3119,4737,1671
"4448",80,43,69,41,3160,4806,1687
"4449",81,43,62,44,3204,4868,1708
"4450",82,43,59,56,3260,4927,1723
"4451",83,43,53,50,3310,4980,1720
"4452",84,43,65,55,3365,5045,1735
"4453",85,43,59,56,3421,5104,1739
"4454",86,43,62,56,3477,5166,1745
"4455",87,43,51,42,3519,5217,1740
"4456",88,43,73,54,3573,5290,1771
"4457",89,43,63,57,3630,5353,1780
"4458",90,43,72,53,3683,5425,1795
"4459",91,43,63,58,3741,5488,1805
"4460",92,43,57,65,3806,5545,1804
"4461",93,43,69,52,3858,5614,1808
"4462",94,43,59,47,3905,5673,1815
"4463",95,43,58,59,3964,5731,1826
"4464",96,43,84,66,4030,5815,1851
"4465",97,43,52,61,4091,5867,1837
"4466",98,43,57,53,4144,5924,1833
"4467",99,43,65,38,4182,5989,1845
"4468",100,43,56,62,4244,6045,1863
"4469",101,43,70,53,4297,6115,1871
"4470",102,43,51,58,4355,6166,1869
"4471",103,43,50,56,4411,6216,1861
"4472",104,43,23,32,4443,6239,1828
"4473",1,44,62,4,4,62,NA
"4474",2,44,55,7,11,117,113
"4475",3,44,66,14,25,183,172
"4476",4,44,62,23,48,245,220
"4477",5,44,70,20,68,315,267
"4478",6,44,60,26,94,375,307
"4479",7,44,72,16,110,447,353
"4480",8,44,52,20,130,499,389
"4481",9,44,58,35,165,557,427
"4482",10,44,58,30,195,615,450
"4483",11,44,51,25,220,666,471
"4484",12,44,57,31,251,723,503
"4485",13,44,65,23,274,788,537
"4486",14,44,48,36,310,836,562
"4487",15,44,79,32,342,915,605
"4488",16,44,58,23,365,973,631
"4489",17,44,60,24,389,1033,668
"4490",18,44,65,33,422,1098,709
"4491",19,44,57,30,452,1155,733
"4492",20,44,49,44,496,1204,752
"4493",21,44,44,26,522,1248,752
"4494",22,44,53,28,550,1301,779
"4495",23,44,72,42,592,1373,823
"4496",24,44,50,29,621,1423,831
"4497",25,44,53,41,662,1476,855
"4498",26,44,67,35,697,1543,881
"4499",27,44,72,34,731,1615,918
"4500",28,44,79,41,772,1694,963
"4501",29,44,56,33,805,1750,978
"4502",30,44,63,31,836,1813,1008
"4503",31,44,52,34,870,1865,1029
"4504",32,44,60,41,911,1925,1055
"4505",33,44,52,42,953,1977,1066
"4506",34,44,58,38,991,2035,1082
"4507",35,44,50,29,1020,2085,1094
"4508",36,44,61,39,1059,2146,1126
"4509",37,44,60,32,1091,2206,1147
"4510",38,44,62,54,1145,2268,1177
"4511",39,44,65,39,1184,2333,1188
"4512",40,44,54,45,1229,2387,1203
"4513",41,44,62,44,1273,2449,1220
"4514",42,44,52,36,1309,2501,1228
"4515",43,44,68,31,1340,2569,1260
"4516",44,44,56,38,1378,2625,1285
"4517",45,44,70,49,1427,2695,1317
"4518",46,44,54,42,1469,2749,1322
"4519",47,44,66,31,1500,2815,1346
"4520",48,44,56,41,1541,2871,1371
"4521",49,44,67,39,1580,2938,1397
"4522",50,44,60,49,1629,2998,1418
"4523",51,44,65,31,1660,3063,1434
"4524",52,44,72,54,1714,3135,1475
"4525",53,44,62,49,1763,3197,1483
"4526",54,44,60,59,1822,3257,1494
"4527",55,44,68,38,1860,3325,1503
"4528",56,44,57,48,1908,3382,1522
"4529",57,44,60,60,1968,3442,1534
"4530",58,44,60,35,2003,3502,1534
"4531",59,44,54,44,2047,3556,1553
"4532",60,44,58,46,2093,3614,1567
"4533",61,44,57,50,2143,3671,1578
"4534",62,44,57,43,2186,3728,1585
"4535",63,44,62,40,2226,3790,1604
"4536",64,44,51,34,2260,3841,1615
"4537",65,44,53,41,2301,3894,1634
"4538",66,44,71,55,2356,3965,1664
"4539",67,44,68,52,2408,4033,1677
"4540",68,44,58,48,2456,4091,1683
"4541",69,44,54,41,2497,4145,1689
"4542",70,44,66,53,2550,4211,1714
"4543",71,44,51,56,2606,4262,1712
"4544",72,44,60,50,2656,4322,1716
"4545",73,44,58,43,2699,4380,1724
"4546",74,44,58,73,2772,4438,1739
"4547",75,44,72,44,2816,4510,1738
"4548",76,44,59,52,2868,4569,1753
"4549",77,44,51,60,2928,4620,1752
"4550",78,44,57,46,2974,4677,1749
"4551",79,44,61,42,3016,4738,1764
"4552",80,44,51,61,3077,4789,1773
"4553",81,44,71,60,3137,4860,1783
"4554",82,44,68,60,3197,4928,1791
"4555",83,44,72,53,3250,5000,1803
"4556",84,44,61,49,3299,5061,1811
"4557",85,44,54,64,3363,5115,1816
"4558",86,44,61,54,3417,5176,1813
"4559",87,44,45,51,3468,5221,1804
"4560",88,44,56,61,3529,5277,1809
"4561",89,44,71,56,3585,5348,1819
"4562",90,44,60,58,3643,5408,1823
"4563",91,44,51,47,3690,5459,1816
"4564",92,44,55,54,3744,5514,1824
"4565",93,44,65,50,3794,5579,1835
"4566",94,44,60,66,3860,5639,1845
"4567",95,44,49,51,3911,5688,1828
"4568",96,44,60,56,3967,5748,1837
"4569",97,44,51,54,4021,5799,1832
"4570",98,44,53,57,4078,5852,1831
"4571",99,44,61,62,4140,5913,1835
"4572",100,44,58,72,4212,5971,1831
"4573",101,44,61,56,4268,6032,1820
"4574",102,44,62,44,4312,6094,1826
"4575",103,44,56,67,4379,6150,1838
"4576",104,44,28,25,4404,6178,1799
"4577",1,45,57,2,2,57,NA
"4578",2,45,72,8,10,129,127
"4579",3,45,60,10,20,189,179
"4580",4,45,62,19,39,251,231
"4581",5,45,66,15,54,317,278
"4582",6,45,64,29,83,381,327
"4583",7,45,66,26,109,447,364
"4584",8,45,68,25,134,515,406
"4585",9,45,62,22,156,577,443
"4586",10,45,56,31,187,633,477
"4587",11,45,69,32,219,702,515
"4588",12,45,41,33,252,743,524
"4589",13,45,70,38,290,813,561
"4590",14,45,57,30,320,870,580
"4591",15,45,39,18,338,909,589
"4592",16,45,70,24,362,979,641
"4593",17,45,59,26,388,1038,676
"4594",18,45,71,36,424,1109,721
"4595",19,45,54,42,466,1163,739
"4596",20,45,62,26,492,1225,759
"4597",21,45,55,39,531,1280,788
"4598",22,45,62,23,554,1342,811
"4599",23,45,73,34,588,1415,861
"4600",24,45,62,28,616,1477,889
"4601",25,45,63,34,650,1540,924
"4602",26,45,40,38,688,1580,930
"4603",27,45,53,30,718,1633,945
"4604",28,45,48,27,745,1681,963
"4605",29,45,56,25,770,1737,992
"4606",30,45,56,33,803,1793,1023
"4607",31,45,71,33,836,1864,1061
"4608",32,45,69,44,880,1933,1097
"4609",33,45,60,27,907,1993,1113
"4610",34,45,62,30,937,2055,1148
"4611",35,45,68,46,983,2123,1186
"4612",36,45,61,48,1031,2184,1201
"4613",37,45,66,40,1071,2250,1219
"4614",38,45,61,30,1101,2311,1240
"4615",39,45,57,36,1137,2368,1267
"4616",40,45,53,41,1178,2421,1284
"4617",41,45,49,36,1214,2470,1292
"4618",42,45,71,42,1256,2541,1327
"4619",43,45,68,45,1301,2609,1353
"4620",44,45,63,55,1356,2672,1371
"4621",45,45,53,59,1415,2725,1369
"4622",46,45,64,44,1459,2789,1374
"4623",47,45,62,39,1498,2851,1392
"4624",48,45,61,58,1556,2912,1414
"4625",49,45,44,47,1603,2956,1400
"4626",50,45,69,34,1637,3025,1422
"4627",51,45,61,52,1689,3086,1449
"4628",52,45,51,48,1737,3137,1448
"4629",53,45,45,39,1776,3182,1445
"4630",54,45,65,42,1818,3247,1471
"4631",55,45,72,51,1869,3319,1501
"4632",56,45,50,38,1907,3369,1500
"4633",57,45,60,69,1976,3429,1522
"4634",58,45,66,49,2025,3495,1519
"4635",59,45,60,54,2079,3555,1530
"4636",60,45,62,49,2128,3617,1538
"4637",61,45,54,43,2171,3671,1543
"4638",62,45,59,40,2211,3730,1559
"4639",63,45,53,50,2261,3783,1572
"4640",64,45,53,52,2313,3836,1575
"4641",65,45,65,45,2358,3901,1588
"4642",66,45,56,51,2409,3957,1599
"4643",67,45,49,36,2445,4006,1597
"4644",68,45,56,54,2499,4062,1617
"4645",69,45,55,59,2558,4117,1618
"4646",70,45,75,43,2601,4192,1634
"4647",71,45,65,43,2644,4257,1656
"4648",72,45,56,58,2702,4313,1669
"4649",73,45,68,60,2762,4381,1679
"4650",74,45,54,42,2804,4435,1673
"4651",75,45,55,56,2860,4490,1686
"4652",76,45,68,52,2912,4558,1698
"4653",77,45,48,46,2958,4606,1694
"4654",78,45,59,42,3000,4665,1707
"4655",79,45,63,49,3049,4728,1728
"4656",80,45,62,60,3109,4790,1741
"4657",81,45,67,55,3164,4857,1748
"4658",82,45,65,54,3218,4922,1758
"4659",83,45,54,57,3275,4976,1758
"4660",84,45,75,53,3328,5051,1776
"4661",85,45,64,56,3384,5115,1787
"4662",86,45,66,45,3429,5181,1797
"4663",87,45,46,41,3470,5227,1798
"4664",88,45,54,47,3517,5281,1811
"4665",89,45,57,55,3572,5338,1821
"4666",90,45,58,60,3632,5396,1824
"4667",91,45,52,69,3701,5448,1816
"4668",92,45,50,59,3760,5498,1797
"4669",93,45,52,65,3825,5550,1790
"4670",94,45,69,59,3884,5619,1794
"4671",95,45,55,52,3936,5674,1790
"4672",96,45,66,55,3991,5740,1804
"4673",97,45,61,64,4055,5801,1810
"4674",98,45,48,53,4108,5849,1794
"4675",99,45,53,56,4164,5902,1794
"4676",100,45,71,41,4205,5973,1809
"4677",101,45,59,67,4272,6032,1827
"4678",102,45,65,61,4333,6097,1825
"4679",103,45,61,71,4404,6158,1825
"4680",104,45,32,30,4434,6190,1786
"4681",1,46,84,8,8,84,NA
"4682",2,46,63,10,18,147,139
"4683",3,46,56,13,31,203,185
"4684",4,46,55,26,57,258,227
"4685",5,46,67,21,78,325,268
"4686",6,46,68,25,103,393,315
"4687",7,46,65,23,126,458,355
"4688",8,46,61,21,147,519,393
"4689",9,46,42,24,171,561,414
"4690",10,46,51,27,198,612,441
"4691",11,46,59,36,234,671,473
"4692",12,46,61,23,257,732,498
"4693",13,46,62,23,280,794,537
"4694",14,46,68,34,314,862,582
"4695",15,46,60,32,346,922,608
"4696",16,46,58,21,367,980,634
"4697",17,46,50,37,404,1030,663
"4698",18,46,63,22,426,1093,689
"4699",19,46,53,31,457,1146,720
"4700",20,46,69,26,483,1215,758
"4701",21,46,55,29,512,1270,787
"4702",22,46,69,33,545,1339,827
"4703",23,46,69,26,571,1408,863
"4704",24,46,59,40,611,1467,896
"4705",25,46,65,30,641,1532,921
"4706",26,46,45,29,670,1577,936
"4707",27,46,60,41,711,1637,967
"4708",28,46,44,31,742,1681,970
"4709",29,46,61,36,778,1742,1000
"4710",30,46,53,45,823,1795,1017
"4711",31,46,54,43,866,1849,1026
"4712",32,46,65,48,914,1914,1048
"4713",33,46,65,26,940,1979,1065
"4714",34,46,61,29,969,2040,1100
"4715",35,46,60,37,1006,2100,1131
"4716",36,46,67,35,1041,2167,1161
"4717",37,46,51,42,1083,2218,1177
"4718",38,46,59,38,1121,2277,1194
"4719",39,46,56,39,1160,2333,1212
"4720",40,46,62,49,1209,2395,1235
"4721",41,46,52,44,1253,2447,1238
"4722",42,46,65,41,1294,2512,1259
"4723",43,46,65,44,1338,2577,1283
"4724",44,46,53,50,1388,2630,1292
"4725",45,46,54,39,1427,2684,1296
"4726",46,46,70,47,1474,2754,1327
"4727",47,46,59,49,1523,2813,1339
"4728",48,46,57,42,1565,2870,1347
"4729",49,46,69,48,1613,2939,1374
"4730",50,46,60,33,1646,2999,1386
"4731",51,46,53,49,1695,3052,1406
"4732",52,46,66,41,1736,3118,1423
"4733",53,46,54,56,1792,3172,1436
"4734",54,46,67,42,1834,3239,1447
"4735",55,46,60,43,1877,3299,1465
"4736",56,46,51,41,1918,3350,1473
"4737",57,46,73,45,1963,3423,1505
"4738",58,46,56,41,2004,3479,1516
"4739",59,46,48,46,2050,3527,1523
"4740",60,46,65,45,2095,3592,1542
"4741",61,46,47,39,2134,3639,1544
"4742",62,46,58,52,2186,3697,1563
"4743",63,46,61,45,2231,3758,1572
"4744",64,46,62,41,2272,3820,1589
"4745",65,46,63,64,2336,3883,1611
"4746",66,46,73,58,2394,3956,1620
"4747",67,46,51,45,2439,4007,1613
"4748",68,46,70,54,2493,4077,1638
"4749",69,46,62,54,2547,4139,1646
"4750",70,46,65,46,2593,4204,1657
"4751",71,46,51,40,2633,4255,1662
"4752",72,46,64,54,2687,4319,1686
"4753",73,46,56,71,2758,4375,1688
"4754",74,46,70,42,2800,4445,1687
"4755",75,46,53,58,2858,4498,1698
"4756",76,46,51,50,2908,4549,1691
"4757",77,46,54,54,2962,4603,1695
"4758",78,46,58,53,3015,4661,1699
"4759",79,46,65,48,3063,4726,1711
"4760",80,46,48,60,3123,4774,1711
"4761",81,46,49,60,3183,4823,1700
"4762",82,46,62,45,3228,4885,1702
"4763",83,46,53,48,3276,4938,1710
"4764",84,46,61,52,3328,4999,1723
"4765",85,46,59,53,3381,5058,1730
"4766",86,46,52,45,3426,5110,1729
"4767",87,46,50,49,3475,5160,1734
"4768",88,46,66,53,3528,5226,1751
"4769",89,46,70,47,3575,5296,1768
"4770",90,46,65,39,3614,5361,1786
"4771",91,46,45,50,3664,5406,1792
"4772",92,46,71,46,3710,5477,1813
"4773",93,46,62,66,3776,5539,1829
"4774",94,46,63,42,3818,5602,1826
"4775",95,46,63,62,3880,5665,1847
"4776",96,46,52,60,3940,5717,1837
"4777",97,46,53,51,3991,5770,1830
"4778",98,46,56,47,4038,5826,1835
"4779",99,46,64,50,4088,5890,1852
"4780",100,46,64,64,4152,5954,1866
"4781",101,46,70,57,4209,6024,1872
"4782",102,46,68,60,4269,6092,1883
"4783",103,46,51,50,4319,6143,1874
"4784",104,46,27,28,4347,6170,1851
"4785",1,47,75,3,3,75,NA
"4786",2,47,51,7,10,126,123
"4787",3,47,73,15,25,199,189
"4788",4,47,51,23,48,250,225
"4789",5,47,57,30,78,307,259
"4790",6,47,63,24,102,370,292
"4791",7,47,63,17,119,433,331
"4792",8,47,47,31,150,480,361
"4793",9,47,58,31,181,538,388
"4794",10,47,67,19,200,605,424
"4795",11,47,61,26,226,666,466
"4796",12,47,66,21,247,732,506
"4797",13,47,54,30,277,786,539
"4798",14,47,68,33,310,854,577
"4799",15,47,52,27,337,906,596
"4800",16,47,60,40,377,966,629
"4801",17,47,62,25,402,1028,651
"4802",18,47,71,39,441,1099,697
"4803",19,47,54,28,469,1153,712
"4804",20,47,67,31,500,1220,751
"4805",21,47,60,22,522,1280,780
"4806",22,47,51,45,567,1331,809
"4807",23,47,61,32,599,1392,825
"4808",24,47,60,24,623,1452,853
"4809",25,47,57,32,655,1509,886
"4810",26,47,77,34,689,1586,931
"4811",27,47,53,22,711,1639,950
"4812",28,47,70,27,738,1709,998
"4813",29,47,57,31,769,1766,1028
"4814",30,47,63,40,809,1829,1060
"4815",31,47,52,38,847,1881,1072
"4816",32,47,53,40,887,1934,1087
"4817",33,47,57,35,922,1991,1104
"4818",34,47,68,43,965,2059,1137
"4819",35,47,54,31,996,2113,1148
"4820",36,47,66,42,1038,2179,1183
"4821",37,47,74,40,1078,2253,1215
"4822",38,47,70,34,1112,2323,1245
"4823",39,47,44,35,1147,2367,1255
"4824",40,47,43,46,1193,2410,1263
"4825",41,47,51,40,1233,2461,1268
"4826",42,47,56,27,1260,2517,1284
"4827",43,47,72,34,1294,2589,1329
"4828",44,47,77,45,1339,2666,1372
"4829",45,47,64,41,1380,2730,1391
"4830",46,47,61,37,1417,2791,1411
"4831",47,47,66,44,1461,2857,1440
"4832",48,47,64,50,1511,2921,1460
"4833",49,47,57,48,1559,2978,1467
"4834",50,47,62,48,1607,3040,1481
"4835",51,47,69,43,1650,3109,1502
"4836",52,47,61,46,1696,3170,1520
"4837",53,47,54,38,1734,3224,1528
"4838",54,47,68,58,1792,3292,1558
"4839",55,47,45,51,1843,3337,1545
"4840",56,47,54,55,1898,3391,1548
"4841",57,47,54,52,1950,3445,1547
"4842",58,47,57,40,1990,3502,1552
"4843",59,47,43,44,2034,3545,1555
"4844",60,47,58,40,2074,3603,1569
"4845",61,47,57,61,2135,3660,1586
"4846",62,47,49,57,2192,3709,1574
"4847",63,47,57,65,2257,3766,1574
"4848",64,47,66,41,2298,3832,1575
"4849",65,47,60,46,2344,3892,1594
"4850",66,47,55,49,2393,3947,1603
"4851",67,47,65,47,2440,4012,1619
"4852",68,47,49,35,2475,4061,1621
"4853",69,47,65,48,2523,4126,1651
"4854",70,47,57,63,2586,4183,1660
"4855",71,47,63,43,2629,4246,1660
"4856",72,47,64,48,2677,4310,1681
"4857",73,47,56,56,2733,4366,1689
"4858",74,47,60,57,2790,4426,1693
"4859",75,47,49,48,2838,4475,1685
"4860",76,47,58,54,2892,4533,1695
"4861",77,47,49,46,2938,4582,1690
"4862",78,47,54,51,2989,4636,1698
"4863",79,47,63,53,3042,4699,1710
"4864",80,47,75,81,3123,4774,1732
"4865",81,47,51,51,3174,4825,1702
"4866",82,47,63,62,3236,4888,1714
"4867",83,47,54,57,3293,4942,1706
"4868",84,47,55,48,3341,4997,1704
"4869",85,47,61,57,3398,5058,1717
"4870",86,47,59,49,3447,5117,1719
"4871",87,47,52,58,3505,5169,1722
"4872",88,47,47,54,3559,5216,1711
"4873",89,47,54,60,3619,5270,1711
"4874",90,47,57,57,3676,5327,1708
"4875",91,47,56,53,3729,5383,1707
"4876",92,47,48,53,3782,5431,1702
"4877",93,47,60,48,3830,5491,1709
"4878",94,47,63,47,3877,5554,1724
"4879",95,47,51,46,3923,5605,1728
"4880",96,47,67,51,3974,5672,1749
"4881",97,47,64,53,4027,5736,1762
"4882",98,47,56,54,4081,5792,1765
"4883",99,47,51,60,4141,5843,1762
"4884",100,47,47,68,4209,5890,1749
"4885",101,47,70,47,4256,5960,1751
"4886",102,47,55,49,4305,6015,1759
"4887",103,47,69,63,4368,6084,1779
"4888",104,47,29,26,4394,6113,1745
"4889",1,48,76,3,3,76,NA
"4890",2,48,51,7,10,127,124
"4891",3,48,71,14,24,198,188
"4892",4,48,65,16,40,263,239
"4893",5,48,65,29,69,328,288
"4894",6,48,55,15,84,383,314
"4895",7,48,54,32,116,437,353
"4896",8,48,60,19,135,497,381
"4897",9,48,59,21,156,556,421
"4898",10,48,56,28,184,612,456
"4899",11,48,39,25,209,651,467
"4900",12,48,61,29,238,712,503
"4901",13,48,64,29,267,776,538
"4902",14,48,53,30,297,829,562
"4903",15,48,51,27,324,880,583
"4904",16,48,47,36,360,927,603
"4905",17,48,56,29,389,983,623
"4906",18,48,58,36,425,1041,652
"4907",19,48,63,29,454,1104,679
"4908",20,48,54,38,492,1158,704
"4909",21,48,68,26,518,1226,734
"4910",22,48,51,40,558,1277,759
"4911",23,48,53,39,597,1330,772
"4912",24,48,49,29,626,1379,782
"4913",25,48,61,34,660,1440,814
"4914",26,48,60,28,688,1500,840
"4915",27,48,57,37,725,1557,869
"4916",28,48,61,32,757,1618,893
"4917",29,48,60,43,800,1678,921
"4918",30,48,61,41,841,1739,939
"4919",31,48,57,47,888,1796,955
"4920",32,48,59,30,918,1855,967
"4921",33,48,64,33,951,1919,1001
"4922",34,48,62,43,994,1981,1030
"4923",35,48,68,32,1026,2049,1055
"4924",36,48,67,34,1060,2116,1090
"4925",37,48,47,37,1097,2163,1103
"4926",38,48,51,39,1136,2214,1117
"4927",39,48,68,48,1184,2282,1146
"4928",40,48,54,29,1213,2336,1152
"4929",41,48,66,35,1248,2402,1189
"4930",42,48,68,44,1292,2470,1222
"4931",43,48,62,51,1343,2532,1240
"4932",44,48,60,44,1387,2592,1249
"4933",45,48,57,37,1424,2649,1262
"4934",46,48,65,38,1462,2714,1290
"4935",47,48,67,46,1508,2781,1319
"4936",48,48,63,52,1560,2844,1336
"4937",49,48,64,34,1594,2908,1348
"4938",50,48,49,37,1631,2957,1363
"4939",51,48,59,38,1669,3016,1385
"4940",52,48,43,45,1714,3059,1390
"4941",53,48,51,55,1769,3110,1396
"4942",54,48,48,40,1809,3158,1389
"4943",55,48,55,41,1850,3213,1404
"4944",56,48,65,51,1901,3278,1428
"4945",57,48,54,39,1940,3332,1431
"4946",58,48,55,58,1998,3387,1447
"4947",59,48,54,46,2044,3441,1443
"4948",60,48,65,44,2088,3506,1462
"4949",61,48,72,41,2129,3578,1490
"4950",62,48,68,33,2162,3646,1517
"4951",63,48,62,45,2207,3708,1546
"4952",64,48,53,46,2253,3761,1554
"4953",65,48,63,59,2312,3824,1571
"4954",66,48,70,46,2358,3894,1582
"4955",67,48,53,40,2398,3947,1589
"4956",68,48,66,53,2451,4013,1615
"4957",69,48,47,49,2500,4060,1609
"4958",70,48,60,39,2539,4120,1620
"4959",71,48,63,59,2598,4183,1644
"4960",72,48,48,45,2643,4231,1633
"4961",73,48,55,55,2698,4286,1643
"4962",74,48,53,58,2756,4339,1641
"4963",75,48,66,66,2822,4405,1649
"4964",76,48,58,50,2872,4463,1641
"4965",77,48,52,59,2931,4515,1643
"4966",78,48,66,64,2995,4581,1650
"4967",79,48,71,56,3051,4652,1657
"4968",80,48,81,46,3097,4733,1682
"4969",81,48,58,58,3155,4791,1694
"4970",82,48,65,50,3205,4856,1701
"4971",83,48,66,67,3272,4922,1717
"4972",84,48,60,51,3323,4982,1710
"4973",85,48,48,62,3385,5030,1707
"4974",86,48,63,60,3445,5093,1708
"4975",87,48,68,40,3485,5161,1716
"4976",88,48,72,58,3543,5233,1748
"4977",89,48,70,43,3586,5303,1760
"4978",90,48,61,61,3647,5364,1778
"4979",91,48,70,61,3708,5434,1787
"4980",92,48,61,54,3762,5495,1787
"4981",93,48,58,61,3823,5553,1791
"4982",94,48,65,47,3870,5618,1795
"4983",95,48,74,68,3938,5692,1822
"4984",96,48,70,64,4002,5762,1824
"4985",97,48,60,45,4047,5822,1820
"4986",98,48,52,63,4110,5874,1827
"4987",99,48,57,61,4171,5931,1821
"4988",100,48,59,49,4220,5990,1819
"4989",101,48,67,66,4286,6057,1837
"4990",102,48,72,76,4362,6129,1843
"4991",103,48,69,48,4410,6198,1836
"4992",104,48,35,24,4434,6233,1823
"4993",1,49,49,3,3,49,NA
"4994",2,49,48,8,11,97,94
"4995",3,49,65,14,25,162,151
"4996",4,49,54,16,41,216,191
"4997",5,49,48,17,58,264,223
"4998",6,49,74,25,83,338,280
"4999",7,49,59,30,113,397,314
"5000",8,49,57,36,149,454,341
"5001",9,49,54,25,174,508,359
"5002",10,49,70,30,204,578,404
"5003",11,49,46,28,232,624,420
"5004",12,49,62,25,257,686,454
"5005",13,49,52,20,277,738,481
"5006",14,49,60,26,303,798,521
"5007",15,49,60,21,324,858,555
"5008",16,49,55,24,348,913,589
"5009",17,49,62,30,378,975,627
"5010",18,49,69,37,415,1044,666
"5011",19,49,64,32,447,1108,693
"5012",20,49,59,33,480,1167,720
"5013",21,49,56,31,511,1223,743
"5014",22,49,48,26,537,1271,760
"5015",23,49,54,30,567,1325,788
"5016",24,49,64,40,607,1389,822
"5017",25,49,66,31,638,1455,848
"5018",26,49,70,30,668,1525,887
"5019",27,49,66,35,703,1591,923
"5020",28,49,53,33,736,1644,941
"5021",29,49,61,37,773,1705,969
"5022",30,49,52,26,799,1757,984
"5023",31,49,60,35,834,1817,1018
"5024",32,49,57,39,873,1874,1040
"5025",33,49,54,36,909,1928,1055
"5026",34,49,59,43,952,1987,1078
"5027",35,49,60,38,990,2047,1095
"5028",36,49,49,39,1029,2096,1106
"5029",37,49,73,38,1067,2169,1140
"5030",38,49,54,54,1121,2223,1156
"5031",39,49,60,36,1157,2283,1162
"5032",40,49,72,45,1202,2355,1198
"5033",41,49,49,41,1243,2404,1202
"5034",42,49,60,39,1282,2464,1221
"5035",43,49,71,43,1325,2535,1253
"5036",44,49,71,42,1367,2606,1281
"5037",45,49,53,55,1422,2659,1292
"5038",46,49,59,46,1468,2718,1296
"5039",47,49,46,40,1508,2764,1296
"5040",48,49,55,46,1554,2819,1311
"5041",49,49,57,49,1603,2876,1322
"5042",50,49,48,45,1648,2924,1321
"5043",51,49,53,38,1686,2977,1329
"5044",52,49,57,30,1716,3034,1348
"5045",53,49,64,54,1770,3098,1382
"5046",54,49,62,49,1819,3160,1390
"5047",55,49,63,44,1863,3223,1404
"5048",56,49,62,38,1901,3285,1422
"5049",57,49,53,43,1944,3338,1437
"5050",58,49,51,62,2006,3389,1445
"5051",59,49,56,53,2059,3445,1439
"5052",60,49,54,45,2104,3499,1440
"5053",61,49,70,40,2144,3569,1465
"5054",62,49,62,54,2198,3631,1487
"5055",63,49,52,55,2253,3683,1485
"5056",64,49,74,59,2312,3757,1504
"5057",65,49,51,55,2367,3808,1496
"5058",66,49,55,46,2413,3863,1496
"5059",67,49,62,53,2466,3925,1512
"5060",68,49,58,62,2528,3983,1517
"5061",69,49,64,43,2571,4047,1519
"5062",70,49,60,46,2617,4107,1536
"5063",71,49,67,60,2677,4174,1557
"5064",72,49,52,51,2728,4226,1549
"5065",73,49,52,39,2767,4278,1550
"5066",74,49,54,47,2814,4332,1565
"5067",75,49,63,56,2870,4395,1581
"5068",76,49,65,48,2918,4460,1590
"5069",77,49,61,36,2954,4521,1603
"5070",78,49,52,50,3004,4573,1619
"5071",79,49,60,49,3053,4633,1629
"5072",80,49,73,61,3114,4706,1653
"5073",81,49,61,53,3167,4767,1653
"5074",82,49,49,46,3213,4816,1649
"5075",83,49,49,44,3257,4865,1652
"5076",84,49,80,50,3307,4945,1688
"5077",85,49,51,65,3372,4996,1689
"5078",86,49,67,62,3434,5063,1691
"5079",87,49,65,53,3487,5128,1694
"5080",88,49,58,51,3538,5186,1699
"5081",89,49,61,53,3591,5247,1709
"5082",90,49,51,55,3646,5298,1707
"5083",91,49,63,60,3706,5361,1715
"5084",92,49,62,45,3751,5423,1717
"5085",93,49,71,59,3810,5494,1743
"5086",94,49,55,68,3878,5549,1739
"5087",95,49,62,65,3943,5611,1733
"5088",96,49,59,50,3993,5670,1727
"5089",97,49,61,43,4036,5731,1738
"5090",98,49,60,55,4091,5791,1755
"5091",99,49,78,55,4146,5869,1778
"5092",100,49,57,66,4212,5926,1780
"5093",101,49,46,46,4258,5972,1760
"5094",102,49,66,70,4328,6038,1780
"5095",103,49,55,60,4388,6093,1765
"5096",104,49,26,29,4417,6119,1731
"5097",1,50,56,5,5,56,NA
"5098",2,50,73,10,15,129,124
"5099",3,50,65,11,26,194,179
"5100",4,50,53,18,44,247,221
"5101",5,50,68,32,76,315,271
"5102",6,50,62,26,102,377,301
"5103",7,50,68,23,125,445,343
"5104",8,50,68,12,137,513,388
"5105",9,50,50,27,164,563,426
"5106",10,50,61,26,190,624,460
"5107",11,50,64,28,218,688,498
"5108",12,50,64,26,244,752,534
"5109",13,50,52,33,277,804,560
"5110",14,50,56,31,308,860,583
"5111",15,50,61,30,338,921,613
"5112",16,50,58,23,361,979,641
"5113",17,50,58,35,396,1037,676
"5114",18,50,56,35,431,1093,697
"5115",19,50,57,31,462,1150,719
"5116",20,50,60,39,501,1210,748
"5117",21,50,69,38,539,1279,778
"5118",22,50,66,37,576,1345,806
"5119",23,50,46,29,605,1391,815
"5120",24,50,67,25,630,1458,853
"5121",25,50,70,30,660,1528,898
"5122",26,50,47,35,695,1575,915
"5123",27,50,60,41,736,1635,940
"5124",28,50,53,33,769,1688,952
"5125",29,50,67,30,799,1755,986
"5126",30,50,72,34,833,1827,1028
"5127",31,50,74,40,873,1901,1068
"5128",32,50,46,30,903,1947,1074
"5129",33,50,56,41,944,2003,1100
"5130",34,50,54,42,986,2057,1113
"5131",35,50,47,38,1024,2104,1118
"5132",36,50,81,44,1068,2185,1161
"5133",37,50,56,44,1112,2241,1173
"5134",38,50,60,45,1157,2301,1189
"5135",39,50,60,38,1195,2361,1204
"5136",40,50,47,29,1224,2408,1213
"5137",41,50,60,41,1265,2468,1244
"5138",42,50,48,38,1303,2516,1251
"5139",43,50,57,50,1353,2573,1270
"5140",44,50,46,39,1392,2619,1266
"5141",45,50,55,41,1433,2674,1282
"5142",46,50,59,44,1477,2733,1300
"5143",47,50,61,38,1515,2794,1317
"5144",48,50,56,44,1559,2850,1335
"5145",49,50,52,38,1597,2902,1343
"5146",50,50,71,33,1630,2973,1376
"5147",51,50,64,31,1661,3037,1407
"5148",52,50,66,48,1709,3103,1442
"5149",53,50,53,52,1761,3156,1447
"5150",54,50,57,38,1799,3213,1452
"5151",55,50,53,50,1849,3266,1467
"5152",56,50,61,48,1897,3327,1478
"5153",57,50,53,54,1951,3380,1483
"5154",58,50,67,49,2000,3447,1496
"5155",59,50,59,54,2054,3506,1506
"5156",60,50,60,50,2104,3566,1512
"5157",61,50,44,43,2147,3610,1506
"5158",62,50,48,47,2194,3658,1511
"5159",63,50,55,48,2242,3713,1519
"5160",64,50,64,45,2287,3777,1535
"5161",65,50,75,47,2334,3852,1565
"5162",66,50,53,55,2389,3905,1571
"5163",67,50,65,61,2450,3970,1581
"5164",68,50,60,45,2495,4030,1580
"5165",69,50,66,55,2550,4096,1601
"5166",70,50,53,43,2593,4149,1599
"5167",71,50,76,47,2640,4225,1632
"5168",72,50,49,49,2689,4274,1634
"5169",73,50,71,43,2732,4345,1656
"5170",74,50,78,64,2796,4423,1691
"5171",75,50,66,49,2845,4489,1693
"5172",76,50,67,51,2896,4556,1711
"5173",77,50,50,57,2953,4606,1710
"5174",78,50,48,48,3001,4654,1701
"5175",79,50,69,55,3056,4723,1722
"5176",80,50,76,50,3106,4799,1743
"5177",81,50,64,63,3169,4863,1757
"5178",82,50,72,58,3227,4935,1766
"5179",83,50,73,46,3273,5008,1781
"5180",84,50,58,45,3318,5066,1793
"5181",85,50,56,48,3366,5122,1804
"5182",86,50,62,47,3413,5184,1818
"5183",87,50,63,58,3471,5247,1834
"5184",88,50,60,54,3525,5307,1836
"5185",89,50,57,60,3585,5364,1839
"5186",90,50,70,61,3646,5434,1849
"5187",91,50,54,50,3696,5488,1842
"5188",92,50,60,50,3746,5548,1852
"5189",93,50,58,48,3794,5606,1860
"5190",94,50,47,71,3865,5653,1859
"5191",95,50,70,47,3912,5723,1858
"5192",96,50,67,49,3961,5790,1878
"5193",97,50,49,55,4016,5839,1878
"5194",98,50,62,54,4070,5901,1885
"5195",99,50,76,60,4130,5977,1907
"5196",100,50,60,56,4186,6037,1907
"5197",101,50,60,54,4240,6097,1911
"5198",102,50,60,55,4295,6157,1917
"5199",103,50,53,55,4350,6210,1915
"5200",104,50,36,32,4382,6246,1896
